1265
1 90 94
1 27 32
1 228 9
1 196 64
1 152 97
2 194 31
2 92 90
2 101 82
2 71 54
2 143 98
2 76 17
2 13 92
2 111 23
2 177 4
2 242 25
2 84 45
2 53 54
2 246 23
2 184 29
2 124 20
3 131 26
3 228 56
3 132 81
3 38 33
3 152 41
3 121 64
3 122 36
3 123 96
3 56 52
3 51 19
3 102 29
4 129 75
4 212 85
4 39 76
4 168 3
4 140 16
4 110 24
4 240 69
4 17 75
4 178 62
4 20 70
4 174 83
4 29 90
4 222 65
4 96 82
5 225 99
5 193 91
5 114 96
5 105 15
5 10 78
5 12 78
5 208 76
5 169 91
5 213 50
5 249 55
5 58 49
5 219 95
5 188 16
5 95 54
6 129 75
6 49 12
6 229 71
6 39 88
6 140 87
6 110 52
6 46 49
6 176 31
6 113 10
6 178 57
6 54 38
6 154 95
6 182 87
7 161 16
7 68 25
7 100 58
7 103 99
7 153 78
7 94 34
8 209 90
8 108 80
8 156 66
8 118 30
8 40 50
8 236 72
8 125 62
8 238 13
8 47 47
9 98 88
9 148 1
9 134 94
9 23 19
9 204 10
9 80 13
10 18 67
10 19 78
10 44 39
10 95 48
10 236 47
10 89 66
10 58 38
10 188 45
10 173 96
10 47 66
11 65 4
11 227 20
11 86 61
11 57 67
11 144 40
11 30 47
11 192 95
12 193 31
12 225 20
12 99 2
12 72 42
12 73 67
12 234 18
12 237 89
12 78 29
12 146 93
12 208 18
12 114 12
12 213 59
12 249 76
12 219 100
12 169 58
13 71 21
13 143 91
13 82 5
13 83 76
13 92 19
13 221 76
13 101 77
13 170 75
13 171 85
13 175 97
13 177 66
13 242 86
13 180 57
13 53 33
13 246 13
13 183 68
13 184 54
13 124 90
13 235 18
13 63 3
13 64 85
14 22 24
15 199 75
15 36 98
15 180 100
15 215 53
15 26 11
15 42 95
15 128 89
16 209 11
16 210 9
16 241 63
16 116 50
16 88 53
16 238 97
16 32 5
17 97 100
17 59 81
17 102 87
17 135 81
17 200 26
17 240 3
17 217 78
17 51 6
17 212 2
17 121 7
17 123 11
17 29 54
17 222 50
17 38 24
18 19 9
18 44 48
18 188 21
18 89 55
18 58 62
18 236 97
18 173 52
18 47 29
18 70 8
19 188 95
19 70 7
19 89 65
19 186 89
19 155 62
19 44 96
19 47 86
19 48 57
20 129 82
20 39 94
20 168 21
20 140 70
20 110 15
20 174 21
20 178 72
20 212 64
20 54 97
20 29 35
20 222 14
20 96 33
21 83 73
21 52 80
21 101 72
21 175 5
21 184 88
21 185 60
21 170 53
21 235 31
21 63 100
21 191 63
22 241 91
22 210 45
22 88 26
23 98 59
23 148 73
23 134 56
23 204 12
23 80 73
24 37 68
24 231 4
24 106 1
24 203 49
24 120 57
24 239 28
24 81 42
24 243 80
24 150 50
24 216 63
24 187 8
24 220 85
24 127 45
25 161 84
25 130 93
25 35 66
25 68 94
25 247 74
25 41 42
25 94 10
25 100 73
25 149 47
25 151 96
25 181 59
25 190 20
25 224 52
26 180 48
26 175 2
26 183 93
26 185 93
26 138 47
26 155 40
26 235 9
26 128 83
27 194 19
27 196 7
27 228 61
27 152 19
27 90 3
27 76 41
28 117 43
28 69 27
28 141 28
28 43 73
28 93 27
28 45 46
29 129 95
29 59 47
29 102 97
29 135 90
29 168 22
29 110 82
29 240 51
29 178 94
29 38 76
29 212 23
29 123 80
29 222 90
29 96 64
30 65 28
30 57 86
30 227 36
30 192 97
31 162 57
31 67 79
31 198 71
31 166 52
31 112 12
31 144 85
31 214 4
31 61 93
31 227 28
31 86 58
31 192 21
32 209 8
32 241 48
32 116 50
32 248 63
32 156 24
32 238 85
33 93 50
33 157 93
33 196 22
33 132 54
33 228 45
33 56 91
33 122 1
33 107 4
33 152 94
33 141 73
34 75 30
34 172 97
34 245 54
34 163 51
34 55 32
35 181 39
35 41 7
35 149 71
35 205 74
35 190 59
35 224 35
36 115 38
36 181 75
36 199 32
36 42 63
36 62 55
36 158 31
37 81 99
37 243 23
37 127 81
37 231 44
37 120 18
37 106 51
37 187 5
37 216 91
37 203 27
37 239 42
38 59 82
38 228 53
38 102 11
38 131 69
38 240 44
38 212 34
38 152 52
38 123 77
38 222 16
39 129 96
39 49 74
39 46 50
39 168 52
39 140 62
39 110 5
39 174 61
39 113 79
39 178 12
39 54 71
39 96 50
40 108 18
40 70 67
40 186 98
40 250 85
40 125 55
40 118 63
40 48 9
41 161 44
41 130 19
41 100 74
41 149 81
41 247 99
41 190 3
41 68 70
41 94 50
41 224 10
42 181 20
42 199 92
42 62 35
42 158 30
43 117 39
43 69 64
43 56 27
43 141 48
43 45 66
44 188 23
44 70 7
44 58 47
44 89 30
44 236 40
44 47 10
45 117 82
45 141 83
45 69 45
46 49 83
46 229 43
46 110 10
46 176 45
46 113 30
46 178 11
46 182 31
46 153 3
46 154 8
46 54 59
47 70 93
47 236 77
47 173 69
47 48 46
47 108 27
47 58 58
47 89 74
47 186 2
47 188 49
48 89 71
48 70 53
48 138 76
48 155 47
48 108 37
48 125 9
48 186 85
48 128 95
49 182 62
49 229 79
49 140 56
49 110 87
49 176 60
49 113 51
49 178 26
49 54 44
49 154 91
49 160 64
50 106 92
50 203 90
50 109 82
50 142 53
50 239 87
50 81 65
50 243 86
50 87 28
50 120 4
50 202 10
50 126 11
50 223 78
51 97 37
51 131 47
51 102 36
51 135 35
51 200 16
51 240 87
51 217 75
51 121 43
51 123 81
51 59 37
52 147 58
52 63 100
52 170 19
52 77 95
52 191 79
53 92 93
53 101 86
53 71 8
53 143 37
53 170 85
53 76 36
53 111 52
53 191 7
53 177 4
53 242 50
53 83 93
53 84 84
53 246 51
53 184 80
53 124 35
53 63 54
54 129 94
54 113 39
54 229 78
54 140 86
54 110 61
54 178 87
54 182 34
54 174 23
54 154 83
54 176 95
54 96 9
55 163 92
55 214 64
55 167 65
55 198 44
55 75 37
55 172 81
55 144 53
55 67 51
55 86 9
56 131 91
56 228 21
56 132 99
56 196 58
56 152 35
56 122 73
56 141 96
57 65 43
57 227 96
57 166 26
57 192 92
57 86 54
57 144 47
58 225 90
58 105 18
58 236 62
58 173 69
58 188 70
58 89 12
58 169 7
58 95 89
59 97 11
59 102 59
59 135 74
59 200 51
59 240 88
59 217 11
59 212 80
59 121 65
59 123 95
59 222 67
60 187 9
60 75 49
60 245 30
60 127 91
60 167 68
61 162 86
61 198 26
61 166 67
61 66 15
61 106 27
61 214 57
61 109 21
61 142 51
61 112 80
62 165 78
62 158 80
62 244 17
63 92 15
63 101 78
63 170 65
63 235 31
63 143 43
63 242 86
63 83 63
63 175 72
63 184 46
63 124 32
63 191 20
64 177 88
64 82 93
64 83 30
64 180 43
64 246 26
64 183 25
64 136 79
64 221 65
64 171 12
64 175 77
65 227 3
65 166 17
65 192 52
65 144 78
66 162 5
66 147 67
66 109 7
66 112 69
66 77 88
66 142 61
67 166 15
67 227 11
67 198 96
67 86 21
67 214 24
67 172 69
67 144 75
67 163 16
67 192 13
68 161 50
68 130 89
68 100 35
68 247 19
68 153 16
68 94 48
68 224 20
69 93 31
69 117 19
69 141 13
70 138 80
70 108 67
70 89 31
70 186 84
70 155 67
70 125 27
70 128 72
71 194 10
71 124 19
71 101 90
71 76 66
71 111 54
71 143 72
71 177 28
71 242 71
71 84 3
71 246 65
71 184 67
71 92 52
72 193 82
72 99 27
72 146 67
72 73 7
72 74 5
72 237 43
72 78 30
72 208 77
72 114 78
72 213 46
72 234 10
72 249 15
73 193 88
73 99 81
73 201 9
73 74 86
73 237 19
73 78 67
73 146 55
73 114 72
73 148 14
73 213 65
73 234 4
73 249 13
74 99 54
74 148 9
74 201 96
74 234 74
74 237 73
74 146 72
75 163 1
75 245 96
75 167 25
75 172 10
76 194 46
76 84 3
76 143 64
76 233 62
76 111 100
77 162 81
77 147 76
77 204 3
78 193 10
78 99 37
78 114 47
78 234 22
78 237 33
78 208 6
78 146 70
78 213 98
78 249 4
79 225 5
79 105 72
79 114 32
79 169 49
79 219 41
79 249 81
79 95 99
79 208 46
80 98 25
80 148 26
80 134 31
80 201 13
80 204 55
81 231 84
81 120 12
81 203 68
81 206 7
81 239 38
81 243 70
81 150 65
81 87 95
81 216 19
81 220 31
81 159 13
82 177 21
82 205 3
82 246 71
82 183 26
82 136 4
82 171 50
82 221 29
83 92 3
83 101 12
83 170 30
83 235 74
83 143 8
83 175 49
83 246 94
83 242 71
83 180 33
83 183 79
83 184 46
83 124 92
83 221 83
83 191 48
84 194 21
84 143 34
84 111 68
85 244 77
85 197 57
85 119 49
86 166 99
86 227 27
86 198 62
86 214 70
86 144 23
86 192 57
87 243 40
87 233 58
87 202 65
87 203 14
87 206 16
87 239 10
87 211 64
87 120 95
87 220 92
87 126 95
87 223 26
88 241 9
88 210 92
89 236 14
89 108 49
89 186 51
89 188 67
90 196 84
90 152 33
90 233 98
90 218 74
91 226 56
91 250 24
91 164 38
91 197 15
91 248 3
92 101 21
92 170 41
92 235 8
92 111 47
92 143 98
92 175 67
92 177 13
92 242 39
92 246 43
92 184 72
92 124 26
92 221 2
92 191 40
93 141 35
94 100 8
94 130 19
94 103 24
94 247 42
94 153 83
94 161 98
94 224 82
95 225 21
95 169 39
95 105 100
95 173 55
95 208 29
95 114 23
95 213 67
95 219 37
95 188 7
96 129 97
96 168 19
96 140 95
96 174 50
96 110 99
96 113 7
96 178 15
96 222 64
97 217 51
97 102 84
97 135 17
97 200 86
97 121 79
97 240 34
97 160 90
98 201 78
98 148 75
98 134 2
98 204 5
99 193 69
99 146 18
99 148 35
99 201 11
99 234 67
99 237 31
100 161 43
100 130 47
100 103 71
100 247 65
100 224 95
101 124 37
101 143 13
101 170 12
101 235 19
101 111 4
101 175 67
101 242 36
101 246 29
101 184 85
101 221 87
101 191 61
102 131 38
102 228 68
102 135 55
102 240 9
102 212 87
102 123 3
102 121 78
102 222 90
103 161 44
103 130 75
103 133 71
103 247 53
103 104 42
103 145 13
103 232 17
104 145 29
104 133 76
104 232 88
104 137 12
104 189 66
105 225 18
105 114 10
105 169 93
105 219 10
105 173 69
105 208 100
106 231 33
106 203 46
106 109 41
106 142 83
106 239 30
106 112 8
106 243 42
106 127 1
106 216 86
106 187 76
106 223 13
107 139 66
107 196 84
107 157 48
107 207 99
108 138 32
108 250 45
108 186 34
108 125 27
109 162 51
109 147 75
109 243 52
109 127 57
109 142 70
109 223 55
109 112 53
110 129 61
110 182 15
110 229 24
110 168 70
110 113 96
110 140 43
110 178 99
110 160 62
111 202 96
111 143 50
111 242 63
111 184 52
111 124 56
111 126 31
112 166 45
112 198 41
112 162 62
112 142 83
112 127 87
112 214 1
113 129 78
113 140 59
113 205 62
113 174 25
113 178 2
114 225 64
114 193 56
114 208 82
114 169 58
114 213 98
114 249 3
114 219 9
115 250 50
115 230 43
115 215 78
116 241 68
116 118 24
116 248 33
116 156 46
116 238 91
117 141 84
118 209 89
118 250 8
118 156 63
118 125 31
118 238 28
118 248 43
119 165 26
119 244 41
119 197 99
120 203 29
120 211 62
120 239 36
120 206 60
120 243 66
120 223 54
120 216 77
120 220 33
120 126 21
120 159 12
121 135 43
121 200 36
121 217 33
121 131 45
121 240 5
122 131 38
122 228 57
122 132 41
122 196 66
122 152 1
122 141 54
123 131 78
123 228 43
123 240 91
123 212 100
123 152 51
123 222 35
124 143 30
124 170 7
124 235 71
124 191 99
124 177 53
124 242 19
124 246 68
124 184 48
124 221 9
124 175 5
125 230 13
125 250 32
125 186 87
126 211 46
126 233 59
126 202 34
126 223 52
127 231 41
127 167 35
127 142 93
127 245 16
127 214 31
127 187 77
128 215 83
128 186 39
128 185 97
128 138 2
128 155 50
129 168 66
129 140 57
129 174 10
129 178 36
130 161 41
130 151 65
130 190 72
130 145 8
130 137 77
130 149 84
130 247 69
130 189 73
131 228 93
131 132 10
132 228 82
132 196 31
132 152 34
133 145 74
133 247 53
133 232 64
133 137 5
133 189 76
134 148 100
134 201 54
134 204 37
135 200 31
135 240 41
135 217 45
135 212 73
135 222 78
135 160 31
136 177 23
136 246 15
136 183 55
136 221 78
136 171 10
136 205 59
136 174 6
137 145 55
137 165 40
137 151 6
137 247 46
137 189 73
138 215 88
138 186 32
138 155 84
139 218 85
139 195 60
139 157 88
139 207 93
140 168 5
140 205 69
140 174 80
140 178 94
142 162 30
142 243 64
142 203 21
142 223 92
143 170 25
143 242 51
143 246 84
143 184 38
144 166 33
144 227 99
144 198 7
144 192 69
145 247 8
145 232 64
145 189 16
146 193 89
146 201 51
146 237 22
146 148 88
146 213 42
146 234 10
147 162 52
147 204 77
148 237 93
148 234 14
148 201 40
149 165 82
149 151 46
149 181 95
149 190 7
149 224 59
150 179 70
150 216 22
150 159 79
150 231 69
150 220 18
150 206 23
150 239 13
151 165 12
151 247 99
151 189 85
151 190 2
152 196 26
152 228 78
153 161 34
153 229 71
153 182 68
153 154 55
153 176 62
154 182 43
154 229 23
154 176 19
155 215 55
155 186 56
156 209 100
156 248 56
156 250 58
156 238 91
157 195 57
157 196 21
157 207 91
158 244 89
158 181 3
158 199 23
159 179 80
159 216 60
159 218 44
159 220 61
159 206 36
159 239 60
160 200 54
160 217 46
161 224 65
162 166 77
163 214 18
163 172 3
163 167 72
164 226 31
164 197 24
165 244 56
165 190 87
166 227 54
166 198 50
166 214 88
166 192 71
167 172 96
167 245 17
167 231 61
167 187 84
167 214 84
168 174 92
168 178 94
168 222 62
168 212 71
169 193 99
169 225 48
169 173 8
169 208 56
169 213 80
169 249 35
169 219 77
170 235 87
170 242 49
170 175 65
170 184 64
170 191 22
171 177 61
171 180 5
171 246 32
171 183 44
171 221 9
171 175 83
172 245 20
172 214 41
173 225 84
173 236 81
173 188 27
174 205 23
174 178 75
175 235 100
175 242 95
175 180 15
175 246 51
175 183 19
175 184 67
175 221 13
175 191 64
176 229 58
176 182 29
177 242 44
177 246 34
177 183 32
177 221 33
179 195 96
179 220 90
179 206 9
180 183 2
180 235 16
180 221 50
181 199 63
181 224 27
181 190 38
182 229 44
183 246 32
183 221 17
183 235 44
184 235 75
184 242 23
184 191 98
185 235 79
185 191 18
186 215 57
187 231 16
187 216 68
187 245 4
187 214 37
188 236 57
189 247 14
190 247 81
190 224 64
191 235 85
192 198 17
192 227 91
193 225 54
193 234 91
193 237 47
193 208 24
193 213 33
193 249 86
193 219 9
195 218 16
195 207 72
196 228 62
197 226 94
197 244 86
198 214 9
198 227 55
200 217 73
200 240 14
201 234 41
201 237 78
202 223 1
203 231 91
203 206 30
203 239 54
203 243 35
203 216 40
203 220 96
203 223 15
206 211 27
206 239 85
206 243 69
206 216 63
206 218 99
206 220 9
208 225 34
208 213 43
208 249 74
208 219 69
209 241 74
209 238 13
210 241 10
211 233 86
211 218 6
212 240 87
212 222 27
213 225 91
213 234 99
213 237 65
213 249 87
213 219 88
215 230 22
216 231 91
216 239 31
216 243 55
216 220 85
217 240 52
218 233 74
219 225 38
219 249 83
220 239 75
220 243 79
221 242 47
221 246 43
221 235 80
222 240 92
223 243 52
223 239 17
225 249 30
230 250 60
231 239 70
231 243 96
234 237 84
235 242 56
237 249 6
238 241 91
238 248 28
239 243 55
242 246 43
10
1
1
1
1 2
1 2 3 4
1 2 3 4 5 6 7 8
1 2 3 4 5 6 7 8 9 10 11 12 13 14 15 16
1 2 3 4 5 6 7 8 9 10 11 12 13 14 15 16 17 18 19 20 21 22 23 24 25 26 27 28 29 30 31 32
1 2 3 4 5 6 7 8 9 10 11 12 13 14 15 16 17 18 19 20 21 22 23 24 25 26 27 28 29 30 31 32 33 34 35 36 37 38 39 40 41 42 43 44 45 46 47 48 49 50 51 52 53 54 55 56 57 58 59 60 61 62 63
1 2 3 4 5 6 7 8 9 10 11 12 13 14 15 16 17 18 19 20 21 22 23 24 25 26 27 28 29 30 31 32 33 34 35 36 37 38 39 40 41 42 43 44 45 46 47 48 49 50 51 52 53 54 55 56 57 58 59 60 61 62 63 64 65 66 67 68 69 70 71 72 73 74 75 76 77 78 79 80 81 82 83 84 85 86 87 88 89 90 91 92 93 94 95 96 97 98 99 100 101 102 103 104 105 106 107 108 109 110 111 112 113 114 115 116 117 118 119 120 121 122 123 124 125
