2929
1 83 13
1 341 86
1 486 52
1 282 77
1 250 87
1 75 25
1 376 90
1 469 47
1 363 99
2 242 93
2 99 99
2 425 63
2 140 49
2 377 85
2 66 96
2 112 38
2 444 93
2 160 27
3 77 93
3 462 38
4 38 91
4 279 16
4 423 76
4 154 79
4 399 56
4 272 87
5 33 75
5 37 66
5 104 6
5 474 37
5 284 7
5 206 42
5 126 58
6 497 52
6 457 82
6 156 57
6 493 32
6 470 5
7 193 47
7 166 100
7 87 82
7 120 98
7 362 68
7 477 87
7 30 63
7 207 44
8 111 40
8 188 50
8 16 52
8 170 10
8 204 65
8 14 15
8 79 9
8 48 75
8 148 95
8 22 65
8 55 89
8 382 41
8 316 25
8 347 51
8 28 34
8 286 27
9 131 84
9 292 10
9 229 65
9 210 27
9 73 74
9 43 39
9 44 95
9 387 28
9 468 47
9 370 93
9 82 19
9 84 47
9 54 40
9 300 36
10 337 49
10 21 51
10 182 81
10 87 70
10 143 52
10 233 29
10 490 15
10 460 49
10 109 7
10 463 29
10 432 61
11 243 79
11 308 60
11 375 27
11 228 41
11 328 15
11 237 15
11 238 59
12 482 14
12 69 71
12 456 29
12 473 8
12 267 64
12 136 94
12 270 78
12 318 32
13 129 36
13 116 93
13 198 75
13 298 85
13 301 21
13 371 56
13 339 71
13 180 67
13 411 77
13 447 9
13 312 42
13 155 63
13 27 55
13 31 15
13 70 49
14 220 19
14 48 88
14 79 57
14 111 70
14 500 5
14 28 38
14 148 7
14 213 39
14 335 27
14 382 24
14 170 84
14 347 73
14 316 89
14 285 34
14 286 53
14 22 71
15 386 94
15 220 47
15 460 93
15 109 21
15 79 74
15 432 66
15 401 28
15 21 2
15 143 11
15 48 9
15 189 7
15 382 73
15 319 50
16 311 57
16 134 88
16 426 37
16 24 97
16 111 31
16 204 27
16 212 22
16 22 23
16 55 66
16 170 7
16 90 24
16 347 61
16 188 28
16 316 97
17 194 51
17 396 88
17 165 53
17 359 8
17 296 9
17 268 12
17 239 11
17 176 85
17 178 38
17 499 34
17 277 19
17 399 4
17 412 97
17 32 25
18 97 31
18 385 65
18 454 58
18 424 16
18 201 42
18 459 31
18 217 42
18 276 14
18 88 64
18 441 57
18 218 79
18 476 76
18 285 95
18 254 4
18 415 29
19 113 86
19 497 87
19 340 44
19 309 85
19 295 77
19 297 4
19 42 20
19 171 38
19 110 66
19 139 52
20 418 56
20 172 75
20 359 57
20 354 93
20 458 67
20 268 93
20 205 5
20 396 52
20 367 36
20 313 77
20 36 80
20 149 21
20 407 57
20 472 3
20 345 38
20 117 65
20 252 37
20 253 86
20 159 92
21 143 57
21 233 33
21 490 14
21 460 51
21 109 70
21 111 34
21 463 23
21 432 64
21 337 6
21 344 25
21 79 64
22 316 40
22 148 8
22 170 99
22 204 63
22 500 91
22 335 82
22 244 36
22 213 83
22 426 62
22 347 74
22 28 97
22 286 41
23 145 2
23 131 69
23 318 63
23 280 92
23 394 74
23 251 1
23 392 49
23 270 23
23 64 43
23 320 63
24 35 31
24 204 64
24 134 97
24 212 84
24 40 95
24 426 84
24 392 28
24 145 100
24 52 24
24 181 67
24 311 8
24 90 10
24 304 94
25 121 47
25 481 26
25 435 63
25 494 78
26 49 6
26 271 75
26 356 48
26 255 90
26 410 26
26 393 74
26 234 51
26 27 100
26 372 14
26 383 61
26 262 33
27 371 77
27 356 6
27 301 61
27 410 2
27 155 98
27 312 38
27 31 6
28 220 34
28 170 11
28 79 11
28 111 76
28 48 65
28 401 34
28 148 67
28 382 49
28 347 90
28 316 16
28 285 1
28 286 32
28 319 24
28 288 43
29 308 52
29 167 62
29 488 21
29 169 22
29 173 46
29 93 87
30 257 85
30 193 40
30 482 56
30 87 92
30 456 96
30 362 64
30 219 23
30 390 68
31 371 32
31 356 69
31 312 56
31 301 22
31 155 24
31 447 79
32 194 37
32 165 11
32 422 78
32 296 65
32 239 15
32 176 87
32 178 24
32 499 17
32 277 57
32 219 66
32 412 53
33 97 89
33 451 10
33 37 86
33 104 21
33 235 88
33 206 19
33 303 58
33 466 49
33 214 8
33 284 39
33 126 71
34 209 97
34 421 14
34 438 68
34 216 77
34 350 60
34 63 89
34 158 21
35 52 50
35 204 3
35 485 75
35 244 25
35 426 76
35 203 76
35 40 25
35 304 73
35 212 21
35 181 87
35 311 40
35 437 62
36 66 63
36 71 50
36 418 91
36 458 83
36 172 64
36 205 58
36 46 39
36 367 95
36 496 30
36 149 54
36 253 47
36 407 32
36 313 31
36 117 81
36 252 69
36 125 41
36 354 2
36 159 7
36 160 91
37 104 47
37 474 43
37 459 98
37 284 15
37 126 61
37 206 12
38 279 20
38 423 65
38 154 43
38 399 5
38 272 81
39 266 34
39 332 80
39 133 8
39 495 46
39 175 30
40 481 19
40 52 97
40 363 59
40 483 80
40 494 22
40 433 9
40 212 13
40 181 41
40 311 99
40 304 6
40 190 42
41 393 14
41 234 11
41 428 51
41 430 18
41 49 44
41 255 85
41 408 29
41 409 2
41 379 22
41 92 84
41 61 17
41 127 24
41 96 8
42 113 61
42 497 20
42 340 37
42 309 85
42 297 87
42 171 87
42 110 29
42 94 53
43 131 90
43 292 42
43 229 23
43 103 93
43 210 27
43 84 44
43 387 31
43 370 62
43 338 46
43 468 31
43 54 38
43 44 82
43 73 47
43 300 13
43 153 67
43 82 89
43 443 13
43 351 30
43 320 43
44 387 100
44 292 70
44 229 24
44 210 31
44 398 86
44 370 7
44 84 27
44 54 36
44 119 28
44 475 51
45 322 50
45 227 2
45 60 22
45 439 82
45 122 57
45 329 36
45 141 64
45 168 98
45 349 23
46 418 46
46 496 70
46 71 65
46 458 44
46 236 90
46 205 6
46 367 6
46 144 73
46 149 54
46 253 9
46 151 6
46 317 36
46 154 92
46 272 78
46 125 10
46 159 31
46 448 54
47 484 97
47 389 25
47 374 56
47 231 82
47 331 64
47 283 61
48 220 74
48 170 65
48 88 23
48 382 69
48 401 74
48 184 33
48 148 53
48 79 49
48 56 77
48 285 76
48 286 55
48 319 9
48 288 93
49 262 85
49 234 44
49 383 35
49 271 47
49 393 88
49 372 51
49 53 26
49 255 88
49 410 13
49 245 31
49 92 67
49 223 41
50 132 77
50 373 77
50 232 42
50 342 22
50 368 78
51 465 80
51 161 94
51 323 72
51 404 56
51 310 17
51 342 51
51 106 30
51 475 1
51 221 4
51 119 22
51 352 13
52 483 45
52 261 9
52 134 36
52 392 74
52 426 56
52 145 88
52 403 61
52 212 80
52 181 61
52 311 25
52 90 25
53 271 65
53 428 66
53 245 97
53 262 94
53 234 98
53 393 67
53 372 94
53 383 92
53 92 46
53 223 61
54 387 76
54 292 94
54 229 75
54 404 2
54 398 52
54 370 89
54 84 31
54 119 52
54 475 75
54 352 55
55 259 73
55 432 52
55 136 57
55 344 93
55 347 11
55 188 14
55 111 22
55 79 86
56 386 45
56 419 70
56 231 13
56 331 59
56 184 68
56 366 51
56 401 26
56 276 97
56 88 28
56 187 70
56 220 16
56 189 38
56 319 90
56 288 69
57 209 49
57 130 48
57 444 13
57 421 35
57 102 77
57 135 64
57 378 70
57 416 92
57 397 49
57 158 81
57 350 93
58 289 81
58 162 95
58 164 74
58 258 85
58 429 37
58 491 36
58 108 36
58 237 93
58 147 14
58 434 99
58 243 38
58 246 47
58 442 18
58 299 48
58 95 21
59 65 89
59 81 39
59 180 19
59 248 37
59 202 70
59 107 8
59 62 29
59 96 5
60 227 7
60 141 79
60 168 31
61 163 86
61 324 1
61 326 84
61 428 48
61 430 59
61 431 87
61 177 91
61 275 59
61 408 99
61 409 48
61 123 99
61 413 40
61 379 92
61 127 54
62 321 10
62 65 71
62 180 7
62 314 50
62 260 21
62 202 89
62 248 73
62 107 79
62 81 90
62 96 67
63 209 57
63 369 15
63 150 71
63 216 74
63 380 22
63 350 6
63 438 47
64 145 86
64 394 91
64 280 8
64 90 33
64 251 31
64 392 28
64 270 33
64 318 85
65 81 2
65 179 52
65 180 70
65 107 85
65 248 92
65 202 63
65 124 59
65 127 2
65 96 73
66 71 62
66 265 56
66 458 87
66 144 13
66 425 46
66 242 10
66 439 64
66 91 10
66 125 27
66 159 25
66 160 57
67 195 57
67 488 30
67 457 96
67 138 90
67 72 88
67 173 11
67 478 22
67 340 11
67 86 56
67 183 8
67 446 64
67 93 20
67 94 64
68 281 22
68 391 14
68 215 66
68 327 56
68 240 63
69 318 43
69 280 73
69 473 37
69 406 59
69 427 54
69 456 73
69 267 71
69 479 33
69 270 4
70 129 77
70 100 13
70 198 24
70 106 31
70 465 50
70 307 6
70 116 100
70 202 16
70 157 73
70 298 42
70 447 37
71 418 26
71 265 27
71 458 28
71 496 95
71 125 99
71 149 85
71 253 29
71 151 42
71 91 9
71 144 5
71 317 4
71 159 97
71 448 75
72 340 98
72 86 27
72 183 92
72 105 59
72 138 48
72 173 10
72 94 37
72 446 90
72 224 65
73 131 23
73 292 53
73 101 67
73 261 94
73 363 94
73 300 91
73 190 14
73 273 65
73 210 66
73 403 59
73 468 96
73 282 17
73 346 74
74 97 50
74 385 23
74 148 12
74 454 18
74 424 86
74 201 45
74 335 13
74 500 63
74 244 48
74 213 95
74 152 25
74 217 38
74 316 18
74 222 34
74 415 48
75 449 46
75 83 99
75 325 12
75 486 11
75 376 54
75 361 91
75 250 30
75 341 70
76 306 3
76 115 57
76 436 1
76 453 17
76 263 12
76 274 19
76 287 79
77 274 27
77 436 15
77 306 3
77 462 69
77 287 76
78 305 34
78 114 94
78 197 97
78 472 72
78 377 54
78 186 45
78 315 29
78 364 56
78 269 99
78 174 50
78 208 80
79 259 89
79 220 73
79 382 11
79 170 66
79 111 1
79 401 9
79 432 60
79 344 97
79 347 13
79 188 52
79 286 40
80 225 32
80 353 49
80 358 74
80 487 34
80 211 20
80 427 38
80 492 93
80 334 69
80 467 66
80 405 38
80 247 29
80 479 35
80 192 69
81 260 100
81 180 60
81 264 62
81 202 98
81 146 79
81 278 5
81 157 72
81 443 8
81 351 76
81 100 36
81 338 55
81 107 25
81 241 47
81 498 52
81 307 55
81 116 69
81 248 49
81 314 86
81 445 19
82 131 33
82 260 84
82 264 74
82 370 86
82 336 31
82 146 13
82 84 87
82 278 63
82 153 54
82 351 70
82 292 64
82 229 23
82 103 3
82 338 74
82 300 50
82 241 100
82 498 69
82 468 90
82 443 64
82 445 94
82 320 14
83 449 10
83 325 44
83 486 39
83 376 2
83 361 98
83 341 71
83 250 69
84 387 33
84 292 31
84 229 61
84 146 47
84 264 1
84 398 92
84 370 58
84 241 69
84 338 53
84 307 77
84 443 1
84 157 44
84 351 62
84 278 29
85 323 55
85 447 58
85 411 41
85 191 82
85 128 5
86 457 91
86 138 31
86 488 65
86 173 46
86 195 15
86 446 56
86 105 32
86 340 56
86 183 59
86 93 52
86 94 34
86 224 76
87 490 68
87 233 47
87 362 13
87 463 48
88 254 26
88 419 58
88 148 92
88 454 41
88 201 87
88 184 94
88 276 13
88 213 96
88 217 88
88 187 58
88 220 61
88 285 4
88 286 100
88 415 53
88 288 36
89 182 87
89 230 43
89 440 27
89 330 60
89 283 67
89 348 45
89 333 95
89 464 26
90 145 20
90 392 70
90 134 69
90 311 37
90 212 6
91 317 56
91 439 44
91 496 89
91 265 98
91 141 37
91 448 17
91 125 69
91 151 27
91 144 42
92 393 39
92 234 36
92 428 43
92 430 27
92 271 23
92 372 38
92 383 52
92 245 26
92 223 9
93 195 49
93 375 97
93 488 4
93 457 46
93 138 59
93 173 60
93 478 92
93 308 94
93 183 73
93 446 42
94 457 88
94 340 46
94 183 25
94 195 27
94 138 49
94 446 23
94 224 92
95 289 39
95 162 41
95 164 84
95 258 63
95 491 100
95 108 21
95 429 37
95 434 19
95 118 37
95 442 42
95 299 36
95 246 28
96 379 99
96 324 46
96 123 70
96 408 73
96 124 12
96 127 71
97 385 90
97 388 65
97 294 84
97 424 78
97 201 10
97 235 80
97 303 88
97 466 45
97 152 15
97 441 46
97 218 25
97 476 63
97 217 77
97 415 57
97 454 92
98 360 46
98 309 87
98 330 68
98 249 36
98 333 56
98 464 73
98 493 10
98 365 19
98 256 12
99 140 4
99 378 6
99 377 99
99 112 6
99 444 2
99 160 21
99 208 16
100 129 5
100 241 6
100 180 99
100 264 47
100 106 53
100 398 17
100 338 38
100 307 7
100 116 45
100 465 54
100 278 51
100 248 43
100 314 74
100 202 56
100 157 66
100 198 37
101 433 98
101 483 70
101 292 85
101 261 39
101 486 6
101 210 45
101 363 60
101 300 11
101 131 58
101 273 91
101 376 92
101 403 46
101 468 14
101 346 75
101 282 50
101 190 71
102 421 7
102 471 88
102 266 58
102 397 96
102 158 60
102 350 99
103 321 31
103 291 54
103 292 24
103 229 52
103 338 45
103 260 91
103 394 14
103 468 56
103 336 71
103 241 92
103 146 10
103 498 71
103 278 52
103 153 51
103 443 83
103 445 14
103 351 86
103 320 14
104 441 3
104 474 5
104 459 79
104 284 79
104 126 16
104 206 51
105 450 68
105 293 41
105 137 14
105 488 95
105 173 79
105 446 96
105 224 11
105 480 91
106 161 48
106 323 10
106 198 68
106 221 32
106 398 40
106 465 28
106 307 72
106 475 57
106 352 4
106 157 78
107 417 47
107 321 80
107 291 61
107 260 62
107 146 50
107 241 51
107 498 23
107 179 93
107 343 35
107 248 51
107 445 91
107 443 20
108 289 1
108 258 63
108 164 31
108 162 54
108 429 89
108 491 91
108 200 72
108 237 60
108 243 94
108 434 26
108 147 19
108 246 62
108 442 80
108 299 10
109 490 26
109 143 63
109 233 19
109 460 90
109 463 72
109 432 21
109 337 6
109 182 3
109 440 4
110 497 87
110 113 57
110 340 10
110 309 52
110 295 62
110 297 48
110 171 68
111 259 57
111 136 29
111 170 21
111 432 77
111 344 41
111 347 14
111 188 43
111 382 68
112 140 11
112 377 82
112 444 34
112 208 41
112 160 17
113 497 45
113 340 59
113 309 71
113 295 41
113 297 50
113 171 84
114 225 15
114 452 45
114 358 74
114 455 45
114 364 48
114 461 18
114 174 5
114 247 38
114 186 99
114 492 64
114 334 29
114 192 59
115 274 63
115 147 47
115 228 16
115 453 4
115 263 31
115 200 30
115 287 7
116 129 2
116 198 60
116 202 35
116 248 75
116 371 84
116 339 93
116 180 9
116 298 66
116 314 75
116 155 100
116 447 96
117 354 39
117 418 76
117 458 3
117 396 59
117 205 85
117 367 92
117 313 100
117 149 30
117 172 6
117 407 83
117 472 77
117 345 70
117 252 82
117 253 94
117 159 73
118 289 3
118 290 79
118 164 60
118 166 26
118 423 7
118 162 79
118 429 81
118 434 99
118 246 73
118 120 56
118 477 83
118 258 98
118 384 31
119 449 17
119 387 70
119 325 81
119 361 57
119 404 3
119 310 70
119 475 85
119 352 11
119 221 28
120 290 73
120 384 14
120 165 64
120 166 31
120 162 99
120 362 6
120 412 71
120 477 98
120 178 99
121 435 28
122 322 52
122 355 84
122 349 89
122 168 6
122 329 65
122 332 54
122 141 36
122 142 41
122 227 19
122 400 63
123 324 18
123 408 72
123 409 84
123 413 44
123 379 11
123 124 52
123 127 18
124 179 78
124 324 17
124 247 43
124 334 41
124 127 30
125 354 50
125 265 42
125 458 24
125 144 9
125 418 28
125 149 37
125 448 92
125 496 14
125 253 78
125 159 35
125 160 37
126 441 41
126 474 99
126 459 96
126 284 5
127 324 95
127 408 34
127 409 26
127 413 69
127 379 34
128 411 12
128 191 26
129 371 59
129 180 60
129 202 38
129 298 81
129 198 57
129 339 53
129 447 20
130 425 71
130 242 18
130 420 30
130 135 8
130 378 72
130 444 53
130 142 28
130 416 14
131 292 59
131 261 23
131 210 23
131 394 63
131 300 48
131 273 51
131 403 14
131 468 30
131 346 50
131 229 27
131 251 15
131 320 68
132 489 29
132 232 76
132 368 63
133 495 98
133 471 36
133 266 16
133 175 81
133 400 67
134 259 4
134 212 40
134 392 98
134 426 68
134 204 89
134 145 52
134 311 51
134 188 45
135 416 55
135 378 28
135 444 82
135 158 82
135 350 11
136 233 20
136 259 4
136 188 7
136 456 55
136 344 30
136 267 72
137 169 16
137 450 29
137 293 86
137 480 30
138 457 51
138 488 88
138 173 62
138 195 22
138 340 84
138 183 68
138 446 6
138 478 89
138 224 20
139 297 70
139 309 38
139 295 3
139 360 32
139 249 48
139 171 43
139 256 27
140 242 20
140 377 90
140 425 90
140 444 18
140 160 28
140 208 35
141 265 78
141 227 51
141 439 12
141 322 66
141 329 58
141 168 67
141 349 82
142 242 1
142 355 12
142 420 9
142 266 22
142 329 75
142 332 26
142 349 31
142 400 91
143 233 2
143 490 2
143 460 49
143 463 79
143 432 71
143 337 21
143 182 84
143 344 86
144 151 26
144 265 66
144 496 88
144 317 99
144 448 50
145 403 79
145 392 66
145 251 31
145 270 38
146 321 13
146 260 64
146 264 50
146 202 19
146 336 95
146 338 34
146 278 30
146 153 12
146 157 67
146 351 90
146 291 27
146 229 3
146 241 30
146 498 48
146 248 23
146 314 54
146 443 42
146 445 66
147 491 71
147 164 41
147 453 69
147 263 82
147 200 5
147 299 87
147 237 40
147 243 1
148 316 36
148 454 12
148 170 31
148 500 48
148 244 21
148 213 49
148 335 15
148 285 11
148 286 19
148 415 49
149 418 74
149 354 77
149 458 90
149 396 11
149 205 76
149 367 98
149 496 19
149 253 61
149 407 5
149 345 4
149 272 93
149 159 27
149 448 84
150 305 79
150 209 12
150 275 64
150 438 22
150 369 90
150 269 17
150 380 86
150 326 31
150 414 28
150 416 94
151 253 40
151 496 56
151 458 88
151 236 66
151 317 11
151 448 67
152 385 19
152 388 52
152 294 80
152 327 57
152 424 8
152 201 30
152 235 50
152 303 23
152 466 50
152 500 56
152 213 10
152 217 77
152 476 58
152 391 51
152 415 31
152 454 14
153 321 42
153 498 74
153 291 59
153 292 53
153 229 38
153 338 42
153 264 80
153 468 13
153 336 83
153 241 85
153 260 16
153 278 62
153 443 80
153 445 12
153 351 7
153 320 15
154 418 86
154 396 87
154 236 60
154 367 35
154 272 4
154 279 61
154 345 38
154 253 64
154 448 71
155 393 66
155 298 53
155 408 9
155 301 84
155 339 18
155 371 94
155 312 99
155 255 28
156 497 11
156 457 50
156 365 56
156 493 68
156 470 75
157 465 56
157 241 6
157 264 85
157 398 82
157 260 70
157 370 44
157 338 87
157 307 47
157 278 23
157 202 30
157 248 77
157 314 100
157 443 50
157 351 16
157 198 40
158 209 22
158 421 39
158 378 69
158 397 89
158 350 5
158 416 71
159 418 56
159 458 33
159 172 52
159 205 10
159 367 76
159 496 31
159 407 41
159 252 22
159 160 59
159 253 86
159 354 12
159 448 86
160 425 64
160 354 14
160 265 79
160 377 42
160 444 22
160 242 35
161 465 95
161 342 96
161 221 80
161 323 23
161 352 76
162 289 85
162 290 84
162 246 66
162 166 49
162 199 44
162 402 25
162 429 84
162 207 23
162 434 96
162 477 11
162 258 28
162 384 92
163 177 67
163 197 47
163 326 28
163 428 99
163 269 70
163 430 49
163 431 35
163 305 90
163 275 67
163 409 100
163 315 59
163 413 60
163 414 75
164 453 77
164 423 9
164 200 100
164 263 71
164 299 9
164 491 67
165 290 11
165 166 37
165 423 95
165 194 18
165 296 48
165 399 3
165 178 42
165 499 19
165 384 11
165 412 65
166 290 54
166 178 7
166 362 52
166 412 35
166 477 97
166 384 11
167 169 21
167 196 61
168 322 20
168 227 19
168 439 29
168 329 33
168 349 60
169 173 45
169 480 86
170 335 18
170 286 90
170 500 85
170 213 85
170 316 38
170 347 3
170 220 76
170 285 14
170 382 82
171 497 66
171 340 14
171 309 86
171 295 6
171 360 74
171 297 6
172 354 93
172 205 76
172 367 21
172 345 26
172 407 78
172 472 94
172 313 22
172 252 2
173 488 23
173 195 92
173 183 30
173 224 96
173 446 44
173 480 49
174 197 80
174 455 40
174 269 24
174 364 14
174 461 37
174 334 85
174 305 4
174 186 35
174 315 37
174 413 42
175 495 77
176 194 43
176 452 63
176 422 73
176 359 77
176 296 10
176 268 23
176 239 52
176 499 53
176 277 62
176 313 98
176 412 41
177 326 71
177 413 85
177 428 93
177 269 6
177 430 62
177 431 70
177 305 98
177 275 45
177 409 79
177 414 42
178 194 98
178 422 100
178 296 66
178 290 64
178 499 79
178 384 21
178 219 41
178 412 12
179 417 51
179 353 85
179 291 54
179 343 49
179 445 92
179 381 90
179 467 83
179 321 92
180 264 89
180 202 20
180 339 76
180 248 78
180 314 26
180 298 65
181 485 83
181 212 91
181 426 89
181 203 62
181 204 52
181 304 39
181 244 90
181 437 87
181 311 62
182 337 42
182 348 6
182 460 88
182 463 94
182 490 37
182 440 77
182 230 21
183 488 71
183 457 67
183 195 48
183 446 34
183 497 90
183 340 88
183 478 78
184 386 30
184 419 60
184 189 61
184 331 15
184 366 39
184 401 8
184 276 95
184 187 22
184 220 82
184 285 54
184 254 67
184 319 36
184 288 48
185 466 16
185 451 53
185 388 2
185 214 99
185 327 49
185 235 45
185 206 23
185 303 78
185 294 6
186 197 31
186 455 91
186 461 86
186 364 81
186 269 41
186 208 43
186 305 54
186 472 8
186 315 96
187 288 88
187 276 8
187 357 19
187 395 45
187 419 69
187 302 77
187 254 84
188 259 90
188 347 52
188 344 77
189 386 5
189 419 56
189 231 95
189 331 80
189 366 85
189 401 58
189 283 63
189 220 14
189 319 19
190 481 73
190 433 41
190 483 67
190 261 75
190 486 50
190 363 18
190 376 44
190 494 49
190 273 24
190 403 25
190 282 70
190 346 15
191 411 20
191 447 97
192 225 100
192 452 69
192 358 10
192 487 39
192 455 88
192 492 43
192 334 5
192 239 58
192 211 65
192 405 88
192 247 34
192 277 12
193 257 37
193 482 36
193 390 42
193 456 84
193 362 17
193 219 39
194 422 71
194 359 40
194 296 28
194 268 15
194 399 20
194 499 84
194 277 23
194 239 44
194 412 21
195 375 57
195 488 25
195 457 57
195 478 94
195 308 58
195 446 42
196 228 44
197 305 75
197 364 11
197 315 87
197 208 46
197 269 75
197 414 93
198 465 12
198 307 44
198 202 54
198 298 80
198 447 15
199 289 44
199 230 66
199 434 88
199 429 43
199 226 38
199 258 21
199 207 69
199 402 12
199 246 50
199 333 25
199 477 74
200 491 63
200 243 59
200 453 12
200 263 40
200 299 23
200 237 76
201 385 10
201 454 46
201 424 16
201 276 91
201 213 41
201 285 85
201 441 64
201 218 73
201 476 71
201 217 31
201 254 59
201 415 81
201 288 67
202 264 36
202 260 93
202 298 91
202 339 73
202 241 3
202 307 7
202 278 3
202 248 16
202 314 99
203 244 85
203 281 64
203 426 79
203 437 20
203 485 55
203 222 60
203 304 93
204 244 38
204 426 78
204 335 38
204 212 55
204 311 87
204 316 18
205 354 12
205 359 64
205 418 61
205 458 29
205 396 77
205 367 72
205 272 27
205 313 32
205 407 66
205 268 29
205 345 37
205 252 42
205 253 43
206 451 24
206 388 43
206 294 19
206 327 98
206 235 70
206 303 32
206 466 21
206 214 77
207 289 14
207 434 45
207 477 35
207 226 97
207 429 8
207 258 69
207 402 92
208 364 40
208 269 2
208 305 14
208 377 93
208 315 94
208 444 39
209 421 7
209 438 77
209 350 92
209 369 4
209 216 52
209 380 60
209 416 53
210 292 3
210 229 44
210 300 69
210 387 80
210 273 2
210 468 30
210 346 18
210 261 45
211 225 79
211 452 58
211 405 95
211 358 45
211 455 28
211 487 28
211 492 15
211 277 42
211 239 85
212 392 32
212 426 10
212 304 77
212 311 76
213 385 20
213 244 95
213 454 40
213 424 61
213 335 39
213 500 68
213 217 67
213 316 33
213 285 26
213 222 60
213 415 100
214 466 68
214 451 74
214 388 96
214 235 10
214 303 4
215 294 96
215 327 68
215 281 40
215 388 13
215 391 19
215 240 2
216 438 20
216 380 74
216 350 71
217 385 72
217 454 31
217 424 63
217 441 86
217 218 64
217 476 77
217 254 84
217 415 94
218 276 74
218 441 35
218 284 44
218 459 85
218 476 23
218 254 73
219 257 19
219 499 67
219 412 96
219 390 76
219 362 6
219 422 77
220 386 30
220 401 94
220 382 3
220 285 93
220 286 13
220 319 14
220 288 10
221 323 5
221 342 21
221 398 87
221 465 16
221 404 29
221 310 6
221 475 83
221 352 8
222 244 47
222 437 14
222 391 89
222 485 74
222 454 72
222 316 10
222 335 48
222 500 39
223 275 78
223 372 93
223 383 61
223 234 14
223 428 62
223 245 79
223 430 25
223 271 22
224 446 30
225 353 9
225 358 15
225 455 35
225 492 58
225 334 59
225 467 46
225 405 98
225 247 19
226 402 43
226 230 30
226 365 44
226 333 89
227 329 24
227 322 96
227 355 13
227 439 22
227 265 68
227 349 4
228 263 76
228 238 90
228 287 96
229 387 28
229 338 70
229 468 5
229 278 35
229 351 28
229 292 77
229 300 54
229 241 18
229 370 38
229 443 29
229 320 53
230 402 55
230 440 40
230 330 93
230 348 28
230 365 63
230 333 89
230 464 46
231 386 66
231 484 54
231 389 100
231 374 73
231 283 20
231 331 42
231 366 92
231 319 92
232 489 78
232 342 10
232 368 7
233 337 5
233 490 87
233 344 72
233 463 57
233 432 68
234 262 68
234 393 65
234 271 24
234 372 48
234 245 18
234 255 68
234 410 68
234 383 49
235 451 35
235 388 35
235 294 12
235 327 67
235 303 60
235 466 14
236 272 13
236 279 12
236 448 80
236 253 6
236 496 48
237 328 46
237 453 81
237 243 87
237 491 5
237 238 57
237 308 43
237 375 3
237 442 93
237 299 82
238 243 45
238 308 92
238 375 50
238 328 47
239 452 67
239 422 33
239 487 47
239 296 83
239 492 8
239 499 99
239 277 19
239 405 33
239 412 2
240 281 19
240 391 32
241 260 86
241 264 70
241 398 10
241 336 24
241 338 52
241 278 56
241 351 3
241 370 42
241 498 13
241 307 41
241 248 33
241 314 47
241 443 16
241 445 7
242 425 22
242 420 90
242 439 82
242 265 69
242 349 47
243 328 18
243 308 67
243 375 41
243 442 2
243 299 43
243 491 60
244 426 22
244 437 51
244 335 96
244 500 81
244 485 49
244 316 68
245 275 69
245 428 23
245 372 2
245 430 50
245 383 63
246 289 90
246 290 28
246 429 3
246 434 29
246 442 27
246 477 1
246 258 84
246 384 59
247 353 96
247 358 49
247 455 36
247 492 94
247 461 28
247 334 21
247 467 72
248 321 88
248 260 12
248 264 59
248 338 89
248 278 12
248 443 72
248 291 80
248 498 33
248 314 84
248 445 64
249 374 79
249 360 15
249 330 7
249 256 98
249 464 8
250 341 47
250 486 86
250 376 68
250 469 100
250 282 45
251 468 67
251 270 97
251 280 35
251 394 55
251 392 99
251 403 82
251 320 33
252 354 35
252 407 82
252 472 100
252 313 80
252 377 20
253 418 48
253 458 35
253 367 75
253 272 55
253 407 15
253 345 51
253 496 73
253 448 6
254 385 25
254 419 63
254 454 62
254 424 85
254 441 31
254 276 25
254 476 6
254 285 72
254 415 29
254 288 77
255 301 22
255 271 79
255 393 3
255 371 98
255 372 87
255 408 19
255 379 71
256 309 50
256 295 41
256 360 90
256 330 95
256 493 70
257 482 30
257 390 13
257 456 19
257 362 48
257 267 22
257 406 7
257 473 87
257 479 24
257 427 83
258 289 56
258 434 26
258 429 20
258 402 19
258 442 38
258 477 100
259 344 77
259 347 88
260 321 67
260 264 86
260 336 64
260 278 18
260 351 60
260 291 75
260 338 82
260 498 57
260 314 21
260 443 42
260 445 98
261 481 72
261 273 65
261 363 49
261 300 8
261 483 40
261 433 21
261 403 92
261 282 41
261 346 29
262 372 36
262 271 74
262 410 26
262 393 22
262 356 65
262 383 78
263 274 52
263 453 80
263 299 61
264 398 82
264 370 59
264 338 54
264 307 3
264 278 57
264 314 28
264 443 18
264 351 77
265 425 83
265 349 40
265 439 32
266 471 49
266 397 29
266 495 80
266 400 74
267 482 29
267 390 68
267 473 48
267 456 92
267 406 94
268 359 7
268 296 44
268 396 68
268 367 16
268 313 14
268 399 59
268 407 67
268 345 52
269 305 29
269 364 15
269 315 76
269 414 60
270 280 43
270 394 63
270 318 41
271 393 6
271 372 70
271 383 27
271 410 47
272 418 3
272 396 64
272 399 8
272 367 25
272 279 60
272 345 18
273 481 44
273 486 28
273 363 47
273 300 71
273 483 89
273 433 40
273 403 5
273 376 95
273 346 8
273 282 47
274 306 93
274 436 1
274 462 95
274 287 18
275 326 36
275 428 48
275 430 37
275 431 26
275 369 31
275 380 24
275 413 100
275 414 6
276 419 75
276 288 20
276 302 9
277 452 78
277 422 53
277 487 62
277 492 8
277 499 41
277 405 63
278 370 49
278 398 62
278 336 57
278 351 71
278 338 16
278 498 72
278 307 13
278 314 75
278 443 28
278 445 64
280 343 29
280 318 36
280 394 95
280 381 8
281 437 48
281 485 64
282 433 31
282 483 82
282 486 83
282 363 59
282 494 29
282 469 10
282 481 76
282 376 2
282 346 26
283 386 76
283 484 79
283 389 64
283 331 73
283 366 80
283 464 77
283 374 26
283 440 83
283 348 85
284 441 48
284 474 20
284 459 66
284 476 8
285 454 16
285 500 44
285 286 12
285 415 79
285 288 18
286 401 78
286 347 90
286 316 41
286 382 92
286 319 50
286 288 19
287 436 4
287 306 7
288 386 5
288 419 97
288 401 7
288 319 96
289 434 91
289 429 98
289 402 77
289 442 98
289 477 56
290 423 41
290 429 5
290 384 67
290 412 69
290 477 2
291 321 63
291 417 98
291 498 40
291 381 11
291 336 69
291 343 24
291 443 71
291 445 50
292 387 68
292 300 24
292 338 55
292 370 51
292 468 63
292 351 20
292 320 73
293 450 18
293 480 99
294 385 52
294 451 5
294 388 49
294 391 17
294 327 64
294 424 68
294 303 56
294 466 85
295 309 84
295 360 41
295 297 6
296 423 90
296 359 64
296 399 23
296 499 13
296 412 84
297 497 46
297 340 35
297 309 96
298 371 81
298 339 1
298 301 22
298 447 69
299 453 93
299 491 53
299 442 5
300 403 30
300 468 31
300 346 56
300 320 76
301 356 69
301 393 86
301 312 7
301 339 40
301 371 59
301 408 20
302 419 17
302 357 1
302 395 87
303 451 16
303 388 46
303 327 66
303 424 78
303 466 43
303 385 45
303 391 91
304 481 87
304 485 33
304 426 41
304 494 95
304 437 93
304 311 27
305 364 5
305 431 15
305 315 38
305 414 18
306 436 82
306 462 8
307 398 35
307 465 66
307 370 44
307 314 67
307 352 74
308 375 34
308 328 76
308 488 17
308 478 89
309 360 22
309 497 79
310 449 92
310 404 62
310 325 37
310 361 57
310 373 32
310 475 74
310 352 86
311 392 28
311 426 97
312 371 2
312 356 96
312 447 1
313 354 36
313 359 65
313 367 21
313 345 93
313 407 32
313 472 19
313 396 40
314 398 80
314 338 23
314 443 66
314 351 20
315 414 39
315 364 96
316 500 37
316 335 26
316 426 46
316 347 25
316 415 13
317 448 94
317 496 99
318 473 51
318 381 3
319 386 76
319 331 70
319 366 81
319 401 31
319 382 38
320 498 90
320 394 1
320 336 3
320 468 39
320 443 33
320 351 25
321 417 82
321 498 87
321 445 49
321 336 4
321 343 32
321 443 58
321 381 27
322 329 36
322 332 21
322 355 62
322 400 59
323 465 78
323 342 4
323 352 37
324 430 27
324 409 50
324 413 93
324 379 6
324 461 31
324 431 66
325 449 54
325 341 100
325 361 47
326 369 11
326 428 11
326 430 3
326 431 19
326 380 55
326 413 3
326 414 73
327 451 14
327 391 16
327 466 99
327 388 84
328 491 7
328 375 46
328 442 40
328 478 11
329 355 87
329 332 66
329 400 43
329 439 22
329 349 4
330 348 93
330 440 51
330 464 16
330 333 5
331 386 88
331 419 43
331 366 21
332 355 50
332 400 39
333 402 47
333 493 15
333 365 30
334 353 84
334 358 96
334 455 69
334 492 44
334 461 3
334 405 2
335 454 86
335 500 69
335 415 79
336 498 95
336 394 37
336 338 66
336 468 72
336 443 2
336 445 35
336 351 58
337 490 76
337 440 72
337 460 61
337 463 48
337 432 83
338 351 19
338 370 87
338 498 16
338 443 39
338 445 91
339 371 83
340 497 1
340 457 10
341 449 73
341 469 84
341 486 25
341 376 85
341 361 21
343 353 7
343 417 58
343 498 74
343 381 50
343 445 34
343 467 5
344 432 29
344 463 12
344 347 8
345 418 14
345 359 80
345 458 13
345 396 45
345 399 3
345 367 89
345 407 27
346 433 74
346 486 68
346 363 52
346 483 8
346 403 95
346 468 5
346 376 2
347 382 50
348 440 1
348 464 95
349 420 48
349 425 32
349 355 93
349 439 65
350 421 18
350 397 30
350 438 6
350 416 90
351 370 68
351 498 26
351 443 45
351 445 1
352 398 27
352 465 26
352 404 36
352 475 67
353 417 24
353 467 68
353 358 45
353 381 78
354 418 87
354 458 62
354 367 94
354 407 31
354 472 59
354 377 83
355 420 81
355 400 63
356 371 42
356 410 17
357 395 78
357 419 16
358 452 9
358 455 62
358 487 93
358 492 64
358 461 3
358 467 13
358 405 46
359 396 94
359 367 20
359 399 75
359 407 25
361 449 3
362 477 29
363 481 51
363 433 96
363 483 71
363 486 70
363 376 87
363 494 69
363 403 3
363 469 7
364 455 35
364 461 1
364 472 60
365 402 31
365 493 75
365 470 48
366 386 29
366 419 59
367 418 32
367 458 71
367 396 31
367 407 57
368 489 44
369 438 61
369 380 88
369 414 10
369 416 34
370 387 35
370 398 96
370 475 36
371 393 72
372 393 3
372 410 12
372 383 86
374 484 46
374 389 88
374 464 68
375 488 71
375 457 58
375 478 94
376 486 31
376 433 68
376 469 70
377 444 77
378 444 86
378 416 14
379 413 74
379 428 3
379 430 56
379 393 48
379 408 67
379 409 21
380 438 72
381 417 22
381 498 50
381 467 32
381 445 53
382 432 68
382 401 55
383 393 32
383 410 70
384 477 48
384 412 97
384 429 61
385 454 54
385 424 100
385 500 43
385 441 41
385 476 28
385 415 63
386 419 57
386 401 38
387 404 28
387 398 40
387 475 50
388 451 17
388 391 93
388 466 9
389 484 18
389 464 71
390 422 19
390 482 27
390 456 19
390 406 45
390 473 12
390 427 94
390 479 39
391 466 36
392 403 10
393 408 62
393 410 28
394 468 16
395 419 52
396 418 96
396 399 5
396 407 22
397 421 55
397 471 52
398 465 43
398 475 84
399 423 85
400 420 80
401 460 20
402 429 36
402 434 89
402 477 28
403 483 23
403 433 76
404 475 83
405 452 11
405 487 24
405 455 51
405 492 51
406 482 100
406 456 57
406 473 79
406 427 7
406 479 31
407 418 96
407 458 14
407 472 49
409 428 15
409 430 39
409 431 64
409 414 40
409 413 22
411 447 18
412 422 7
412 499 53
413 428 89
413 431 75
413 430 48
413 414 48
414 428 45
414 430 26
414 431 40
415 454 10
415 424 97
415 500 35
415 476 3
416 438 36
416 444 65
417 445 76
417 467 65
418 458 92
418 496 7
418 448 8
420 439 60
420 425 52
422 499 69
422 487 22
424 454 48
424 500 45
424 441 77
424 476 35
425 444 26
425 439 97
426 437 25
427 482 92
427 487 43
427 473 24
427 479 25
428 430 7
428 431 9
429 434 87
429 477 39
430 431 14
432 490 7
432 460 47
432 463 58
433 481 19
433 483 89
433 486 1
433 494 52
433 469 12
434 442 76
434 477 18
435 481 30
435 494 19
437 485 48
440 460 25
440 464 11
441 459 4
441 476 25
442 491 89
443 498 61
443 445 45
445 498 35
446 488 5
446 457 1
448 458 93
448 496 15
450 480 12
451 466 52
452 487 43
452 455 79
452 492 27
452 472 50
454 500 99
454 476 63
455 492 38
455 461 4
456 482 39
456 473 5
457 488 50
457 497 8
457 478 59
458 496 21
459 474 47
459 476 4
460 490 23
460 463 75
463 490 35
469 486 96
470 497 91
470 493 31
471 495 8
473 482 46
473 479 14
478 488 57
479 482 7
479 487 26
481 483 74
481 494 38
483 494 21
487 492 75
487 499 72
10
1
1
1 2
1 2 3 4
1 2 3 4 5 6 7 8
1 2 3 4 5 6 7 8 9 10 11 12 13 14 15 16
1 2 3 4 5 6 7 8 9 10 11 12 13 14 15 16 17 18 19 20 21 22 23 24 25 26 27 28 29 30 31 32
1 2 3 4 5 6 7 8 9 10 11 12 13 14 15 16 17 18 19 20 21 22 23 24 25 26 27 28 29 30 31 32 33 34 35 36 37 38 39 40 41 42 43 44 45 46 47 48 49 50 51 52 53 54 55 56 57 58 59 60 61 62 63
1 2 3 4 5 6 7 8 9 10 11 12 13 14 15 16 17 18 19 20 21 22 23 24 25 26 27 28 29 30 31 32 33 34 35 36 37 38 39 40 41 42 43 44 45 46 47 48 49 50 51 52 53 54 55 56 57 58 59 60 61 62 63 64 65 66 67 68 69 70 71 72 73 74 75 76 77 78 79 80 81 82 83 84 85 86 87 88 89 90 91 92 93 94 95 96 97 98 99 100 101 102 103 104 105 106 107 108 109 110 111 112 113 114 115 116 117 118 119 120 121 122 123 124 125
1 2 3 4 5 6 7 8 9 10 11 12 13 14 15 16 17 18 19 20 21 22 23 24 25 26 27 28 29 30 31 32 33 34 35 36 37 38 39 40 41 42 43 44 45 46 47 48 49 50 51 52 53 54 55 56 57 58 59 60 61 62 63 64 65 66 67 68 69 70 71 72 73 74 75 76 77 78 79 80 81 82 83 84 85 86 87 88 89 90 91 92 93 94 95 96 97 98 99 100 101 102 103 104 105 106 107 108 109 110 111 112 113 114 115 116 117 118 119 120 121 122 123 124 125 126 127 128 129 130 131 132 133 134 135 136 137 138 139 140 141 142 143 144 145 146 147 148 149 150 151 152 153 154 155 156 157 158 159 160 161 162 163 164 165 166 167 168 169 170 171 172 173 174 175 176 177 178 179 180 181 182 183 184 185 186 187 188 189 190 191 192 193 194 195 196 197 198 199 200 201 202 203 204 205 206 207 208 209 210 211 212 213 214 215 216 217 218 219 220 221 222 223 224 225 226 227 228 229 230 231 232 233 234 235 236 237 238 239 240 241 242 243 244 245 246 247 248 249 250
