1923
1 146 48
1 188 67
1 191 25
2 161 49
2 66 93
2 101 31
2 295 14
2 143 11
2 338 47
2 307 45
2 20 86
2 119 87
2 282 75
2 153 14
2 154 93
2 253 21
3 65 69
3 82 78
3 100 83
3 343 19
3 134 84
3 196 31
3 106 29
3 10 74
3 93 85
3 271 34
3 189 33
4 17 34
4 245 78
4 24 77
4 233 27
4 298 2
4 218 85
4 8 12
4 107 16
4 47 31
4 160 76
5 225 9
5 246 54
5 103 63
5 236 98
5 54 6
5 310 94
6 258 14
6 19 54
6 108 97
6 69 88
6 230 79
6 152 66
6 275 26
6 140 32
6 227 66
6 224 11
7 193 48
7 163 19
7 244 45
7 264 48
7 265 16
7 232 53
7 205 99
7 195 62
7 110 40
7 178 73
7 147 30
7 148 28
7 127 7
7 284 68
7 223 93
8 34 74
8 104 96
8 202 38
8 107 69
8 209 1
8 142 64
8 47 62
8 158 97
8 17 25
8 245 88
8 278 27
8 91 5
8 254 2
8 287 5
8 160 100
9 274 28
9 318 3
9 55 46
9 183 44
9 330 96
9 186 87
9 203 48
9 300 35
9 187 12
9 64 54
10 130 5
10 100 62
10 134 97
10 136 61
10 93 85
10 99 73
10 271 63
10 206 83
10 82 83
10 36 49
10 216 58
10 240 49
10 189 96
10 94 4
10 288 55
11 113 30
11 131 73
11 294 31
11 167 28
11 105 95
11 42 48
11 81 54
11 16 46
11 273 34
11 117 47
11 215 29
11 59 23
12 321 25
12 50 15
12 51 99
12 252 4
12 247 14
12 87 15
12 58 8
12 112 47
12 79 90
12 289 54
13 162 67
13 227 47
13 197 5
13 40 46
13 297 13
13 268 81
13 173 91
13 67 68
13 241 99
13 339 28
13 159 65
13 312 66
13 121 30
13 282 97
13 157 74
13 154 46
14 313 59
14 118 65
14 135 33
14 57 32
14 267 76
14 172 12
14 171 70
15 49 52
15 33 2
15 228 86
15 18 72
15 280 67
15 341 86
15 221 47
15 299 81
15 349 2
15 238 74
15 208 66
16 305 35
16 131 10
16 167 58
16 200 96
16 105 64
16 42 27
16 72 84
16 113 75
16 81 49
16 179 58
16 117 52
16 215 66
16 184 42
16 249 53
16 26 26
16 59 88
16 95 44
16 32 40
17 35 60
17 293 32
17 71 97
17 137 61
17 202 56
17 107 46
17 104 40
17 142 85
17 47 32
17 126 31
17 209 42
17 278 10
17 218 34
17 91 55
17 254 53
17 287 24
18 33 33
18 165 22
18 349 70
18 299 40
18 238 38
18 208 15
18 49 83
18 341 30
18 280 56
18 217 87
18 316 66
18 221 10
19 162 12
19 227 44
19 67 2
19 248 75
19 121 79
19 69 17
19 140 6
19 275 33
20 66 96
20 295 10
20 139 22
20 76 94
20 173 26
20 143 33
20 241 57
20 338 71
20 53 85
20 154 98
20 226 39
20 282 39
20 222 38
20 40 35
21 305 26
21 168 65
21 43 61
21 200 13
21 206 37
21 174 63
21 113 49
21 213 22
21 120 26
21 26 98
21 32 72
21 94 5
21 95 50
21 288 21
22 290 8
22 163 99
22 38 16
22 232 15
22 265 47
22 234 12
22 237 84
22 79 78
22 336 11
22 50 37
22 223 56
22 87 61
22 250 77
22 127 93
23 114 11
23 342 18
23 123 26
23 204 62
23 109 66
23 302 8
23 207 78
23 334 23
24 132 4
24 166 17
24 40 83
24 233 35
24 298 76
24 107 5
24 242 17
24 260 94
24 245 100
24 248 86
24 121 21
24 53 15
24 160 80
25 97 3
25 44 32
25 323 36
25 212 80
25 159 28
25 312 51
25 297 58
25 84 48
25 339 68
25 239 45
26 99 86
26 72 86
26 43 52
26 168 49
26 131 83
26 240 87
26 113 53
26 174 16
26 94 46
26 200 46
26 32 27
27 294 30
27 73 43
27 42 98
27 272 65
27 273 66
27 210 43
27 180 69
27 31 78
27 215 20
27 350 91
27 63 23
27 256 40
28 195 31
28 293 44
28 264 1
28 201 85
28 218 6
28 283 56
28 284 4
28 126 100
29 259 75
29 164 60
29 229 99
29 326 77
29 202 1
29 46 56
29 142 58
29 145 73
29 83 41
29 277 50
29 56 13
29 122 86
29 266 68
29 192 53
30 290 22
30 336 86
30 38 80
30 234 42
30 329 41
30 61 17
30 124 67
30 237 59
30 62 56
30 250 15
30 214 10
31 210 83
31 180 98
31 73 11
31 58 27
31 256 76
31 350 95
31 63 45
31 272 77
32 305 88
32 131 27
32 200 15
32 43 43
32 72 23
32 174 3
32 113 32
32 168 85
32 213 24
32 156 96
32 94 74
32 95 86
33 49 83
33 341 72
33 299 55
33 301 4
33 128 38
34 260 29
34 166 60
34 104 3
34 107 39
34 47 78
34 209 100
34 132 1
34 245 13
34 182 8
34 160 51
34 158 33
34 278 68
35 202 94
35 293 64
35 198 90
35 71 66
35 137 30
35 266 35
35 331 34
35 142 19
35 47 7
35 209 22
35 83 3
35 278 57
35 56 11
35 229 52
35 91 20
35 254 21
35 287 81
36 99 36
36 134 29
36 216 14
36 185 95
36 136 98
36 189 4
36 240 42
37 346 96
37 344 72
37 255 65
37 74 39
37 144 22
38 289 60
38 321 42
38 262 32
38 234 34
38 237 73
38 62 59
38 336 2
38 50 31
38 85 19
38 87 59
38 250 4
38 80 36
38 61 88
38 214 94
39 150 38
39 231 53
39 314 48
39 170 62
39 304 52
39 319 17
39 320 41
40 173 42
40 162 37
40 67 42
40 233 31
40 298 71
40 76 88
40 241 90
40 242 90
40 53 56
40 121 2
40 282 6
40 222 18
40 248 10
41 68 67
41 279 97
41 311 50
41 347 72
41 92 45
41 269 22
41 219 37
41 207 49
41 212 35
42 177 35
42 215 69
42 294 89
42 167 66
42 327 61
42 273 84
43 305 73
43 99 67
43 200 99
43 72 25
43 168 95
43 131 21
43 174 64
43 113 37
43 120 50
43 94 67
43 95 18
43 288 86
44 339 68
44 197 84
44 159 65
44 312 91
44 297 28
44 90 85
44 155 15
44 268 29
44 157 48
44 175 47
45 149 54
45 123 86
45 308 42
45 141 76
45 334 79
46 259 2
46 164 65
46 229 32
46 326 89
46 266 67
46 142 38
46 145 76
46 83 38
46 277 34
46 56 100
46 122 96
46 192 24
47 229 91
47 104 9
47 137 32
47 202 42
47 107 89
47 142 100
47 209 61
47 245 64
47 278 81
47 91 77
47 254 20
47 287 85
48 129 68
48 226 30
48 263 92
48 235 71
48 348 68
48 139 92
48 286 52
48 96 67
49 228 27
49 341 47
49 324 50
49 299 15
49 221 30
49 238 12
50 321 100
50 289 2
50 214 14
50 262 31
50 237 50
50 79 18
50 336 17
50 51 41
50 87 25
50 250 21
50 62 46
50 127 54
51 289 62
51 85 92
51 262 2
51 321 65
51 185 99
51 73 75
51 80 94
52 130 60
52 100 89
52 270 56
52 271 36
52 174 12
52 306 48
52 211 15
52 120 70
52 281 72
52 315 69
52 206 83
52 288 34
53 132 44
53 166 27
53 298 31
53 76 4
53 173 71
53 241 73
53 242 52
53 121 14
53 222 51
54 225 55
54 310 83
54 103 82
54 236 2
54 317 39
54 335 45
55 261 43
55 198 72
55 274 56
55 330 95
55 331 56
55 205 32
55 178 58
55 183 17
55 186 76
55 187 89
55 318 14
55 70 19
55 64 60
56 259 34
56 164 67
56 229 61
56 83 91
56 277 77
56 266 1
56 142 14
57 313 74
57 291 81
57 118 5
57 328 82
57 211 57
57 315 53
58 258 55
58 108 4
58 230 86
58 199 16
58 112 17
58 79 99
58 272 3
58 210 14
58 180 21
58 247 13
58 252 56
59 97 81
59 131 69
59 167 2
59 72 80
59 105 82
59 269 94
59 323 14
59 81 95
59 179 61
59 117 23
59 184 98
59 249 52
59 347 60
59 92 88
60 89 26
60 138 99
60 251 68
61 289 2
61 329 45
61 234 79
61 237 27
61 80 53
61 337 90
61 214 64
61 250 97
61 336 45
61 62 31
62 321 42
62 289 53
62 237 88
62 80 85
62 337 53
62 85 13
62 214 88
62 250 2
62 336 41
62 262 54
63 113 11
63 73 35
63 99 92
63 136 11
63 185 13
63 350 22
63 256 92
64 261 39
64 198 25
64 71 38
64 330 43
64 331 51
64 205 71
64 274 44
64 186 74
64 187 83
64 183 20
64 70 75
65 189 44
65 196 23
65 343 17
65 106 24
65 75 63
65 93 7
65 115 59
65 303 9
66 129 46
66 226 50
66 76 54
66 295 26
66 139 38
66 161 6
66 143 73
66 241 3
66 338 81
66 307 92
66 153 93
66 154 87
66 348 12
66 253 22
66 222 89
66 235 32
66 96 44
67 162 81
67 227 64
67 268 66
67 69 18
67 140 4
67 275 82
67 312 15
67 121 17
67 197 90
67 282 18
67 339 38
67 159 19
68 279 46
68 102 62
68 311 71
68 296 35
68 219 96
68 92 84
68 207 44
69 162 93
69 248 96
69 121 95
69 227 79
69 140 90
69 275 27
69 298 92
70 293 48
70 198 95
70 71 68
70 137 81
70 330 56
70 331 42
70 205 69
70 254 55
70 201 15
70 187 1
70 186 4
70 91 78
70 126 68
71 293 50
71 198 75
71 201 7
71 202 85
71 331 35
71 126 46
71 137 85
71 91 11
71 254 88
71 287 45
72 305 50
72 131 13
72 213 14
72 200 2
72 105 7
72 332 69
72 113 30
72 179 69
72 117 72
72 184 49
72 249 62
72 156 86
72 168 88
72 95 75
73 262 98
73 136 90
73 210 7
73 180 61
73 85 49
73 185 17
73 350 9
73 256 54
74 144 61
74 349 84
74 220 87
74 285 79
74 238 37
74 255 62
74 208 51
75 115 40
75 196 94
75 181 13
75 343 5
75 106 50
75 190 96
76 139 79
76 226 46
76 173 93
76 338 28
76 222 20
76 241 26
76 242 64
76 235 35
77 90 83
77 155 61
77 317 48
77 102 38
78 258 68
78 230 76
78 199 15
78 194 72
78 108 9
78 112 47
78 247 94
78 152 33
78 345 25
78 218 37
78 283 68
78 252 87
78 224 86
79 321 63
79 284 97
79 247 14
79 112 68
79 87 10
79 283 90
79 252 31
79 127 10
80 289 38
80 303 90
80 336 16
80 337 76
80 85 24
80 214 92
80 185 36
80 250 26
80 262 22
81 97 9
81 323 23
81 167 84
81 105 22
81 269 6
81 177 37
81 179 88
81 212 35
81 117 66
81 184 95
81 249 15
81 347 81
81 92 56
82 100 85
82 134 46
82 333 14
82 270 37
82 271 52
82 211 8
82 196 50
82 111 71
82 106 40
82 93 63
83 259 13
83 164 81
83 229 78
83 137 84
83 266 16
83 142 30
83 277 82
83 278 95
83 202 100
84 177 69
84 97 56
84 323 57
84 212 11
84 239 38
84 327 27
84 275 38
84 159 40
85 289 38
85 321 92
85 262 69
85 214 43
85 185 89
85 250 63
86 314 58
86 309 29
86 319 19
86 263 54
86 320 34
87 321 20
87 289 83
87 163 38
87 234 1
87 237 71
87 336 91
87 250 27
87 127 73
88 296 27
88 179 69
88 116 17
88 151 30
88 184 45
88 169 78
88 347 38
88 332 71
88 125 91
88 176 13
89 138 42
89 251 27
89 246 54
90 297 85
90 155 63
90 317 87
90 175 28
91 293 79
91 198 36
91 137 96
91 202 83
91 331 71
91 142 96
91 126 17
91 209 30
91 278 58
91 266 88
91 229 12
91 254 87
91 287 67
92 311 13
92 212 2
92 269 13
92 125 9
92 347 70
93 130 19
93 100 42
93 106 3
93 134 14
93 196 47
93 189 25
93 271 36
94 130 52
94 99 24
94 134 13
94 168 11
94 216 98
94 240 64
94 174 85
94 206 93
94 120 36
94 136 98
94 200 10
94 288 64
95 98 79
95 131 52
95 105 94
95 332 8
95 305 75
95 179 27
95 276 79
95 213 17
95 184 32
95 249 46
95 156 5
95 168 96
95 200 32
96 129 4
96 226 86
96 263 77
96 235 45
96 139 33
96 348 79
96 286 8
96 338 48
97 323 59
97 167 56
97 327 62
97 269 14
97 239 60
97 177 46
97 311 33
97 212 48
98 276 62
98 332 12
98 213 62
98 156 20
99 130 74
99 100 9
99 134 40
99 136 75
99 206 1
99 240 26
99 216 29
100 189 72
100 130 89
100 134 83
100 271 77
100 240 69
100 206 10
100 270 34
100 216 100
100 288 22
101 307 45
101 119 23
101 295 65
101 317 76
101 155 87
101 253 95
101 335 17
101 175 92
102 279 50
102 204 33
102 109 58
102 207 33
103 225 40
103 246 36
103 310 27
103 236 2
104 260 11
104 202 56
104 107 16
104 209 19
104 142 60
104 132 68
104 245 12
104 278 63
104 160 14
104 158 92
104 182 20
105 131 53
105 332 57
105 305 20
105 179 67
105 117 14
105 184 66
105 249 83
105 156 34
105 347 95
106 196 96
106 343 86
106 333 78
106 111 73
107 132 91
107 166 52
107 233 89
107 298 5
107 209 68
107 245 27
107 160 66
108 258 43
108 230 56
108 199 84
108 194 89
108 112 56
108 272 12
108 247 100
108 152 5
108 345 41
108 252 23
108 224 92
109 114 42
109 279 80
109 204 86
109 302 57
109 207 73
109 342 94
110 264 78
110 193 13
110 195 45
110 244 97
110 201 71
110 232 88
110 205 94
110 178 3
110 147 33
110 148 29
110 284 16
110 223 74
111 291 74
111 333 43
111 328 86
112 194 98
112 199 26
112 258 67
112 247 91
112 152 8
112 345 33
112 283 43
112 252 45
113 131 84
113 168 10
113 215 34
113 200 88
113 256 87
114 342 9
114 204 63
114 302 82
114 207 62
115 196 79
115 181 53
115 343 29
115 190 57
115 303 82
116 151 53
116 169 88
116 347 2
116 296 56
116 125 81
116 176 82
117 305 67
117 131 66
117 332 6
117 179 50
117 184 98
117 249 18
117 347 39
118 313 32
118 291 89
119 161 23
119 307 19
119 335 67
119 295 56
119 153 46
119 253 71
119 143 32
120 130 29
120 292 97
120 168 73
120 206 51
120 270 11
120 306 34
120 174 95
120 281 60
120 288 41
121 162 11
121 227 10
121 140 15
121 248 55
121 173 90
121 241 20
121 282 61
121 298 66
122 145 66
122 259 49
122 164 53
122 277 5
122 326 54
122 192 29
122 158 24
123 308 29
123 149 78
123 141 82
123 334 25
123 302 20
124 257 36
124 290 29
124 340 54
124 346 90
124 329 49
124 234 50
124 344 10
125 151 54
125 296 61
125 169 19
125 347 51
125 219 93
125 176 56
126 293 60
126 198 23
126 137 41
126 331 82
126 209 31
126 201 26
126 254 100
126 287 2
127 163 27
127 264 87
127 265 59
127 234 31
127 232 73
127 237 7
127 147 97
127 244 34
127 284 29
127 223 32
128 193 27
128 148 62
128 341 62
128 244 6
128 178 25
128 316 42
128 203 53
128 300 61
128 301 75
129 161 81
129 348 41
129 226 50
129 235 15
129 143 66
129 286 54
129 338 72
129 307 78
129 153 90
129 253 16
129 139 8
130 189 53
130 134 70
130 216 65
130 206 44
130 271 77
130 270 68
130 174 69
130 240 15
130 288 23
131 305 66
131 200 8
131 179 42
131 215 6
131 184 43
131 249 14
131 168 65
132 260 94
132 166 54
132 233 48
132 298 90
132 242 55
132 245 42
132 182 48
132 160 32
133 146 64
133 243 46
134 136 74
134 271 10
134 206 2
134 216 80
134 240 32
134 189 62
134 288 36
135 313 16
135 267 75
135 172 14
136 216 33
136 185 93
136 240 31
136 189 74
136 350 46
137 209 38
137 229 43
137 266 97
137 331 50
137 142 96
137 278 88
137 202 64
137 293 17
137 254 99
137 287 10
137 198 80
138 251 79
138 246 71
139 295 73
139 226 30
139 235 16
139 143 8
139 286 95
139 338 46
139 307 36
139 153 76
139 161 27
139 348 70
139 253 16
139 222 38
140 248 59
140 227 65
140 275 32
140 224 97
141 308 97
141 149 87
141 151 38
141 296 84
141 169 82
141 334 90
141 176 85
142 164 34
142 229 79
142 202 53
142 266 61
142 254 24
142 209 27
142 277 75
142 278 75
142 158 64
142 287 8
143 161 70
143 295 17
143 338 16
143 307 63
143 153 67
143 253 86
144 346 49
144 220 17
144 255 8
145 259 19
145 164 100
145 277 65
145 326 37
145 158 65
145 192 89
146 188 54
146 191 7
147 193 14
147 195 69
147 163 7
147 232 64
147 265 30
147 244 53
147 264 66
147 205 54
147 178 22
147 148 65
147 223 3
147 284 96
148 193 14
148 195 82
148 232 4
148 203 58
148 300 40
148 205 81
148 178 52
148 244 84
148 187 62
148 316 7
148 223 79
149 243 28
149 308 26
149 151 33
149 176 91
150 231 36
150 170 14
150 314 40
150 304 22
150 320 39
151 243 93
151 169 95
151 296 25
151 176 90
152 194 67
152 230 42
152 199 71
152 258 24
152 224 84
152 272 8
152 345 62
152 252 56
153 161 15
153 307 43
153 338 43
153 295 8
153 253 14
154 197 32
154 295 56
154 268 68
154 173 50
154 241 65
154 282 20
154 157 70
154 222 82
155 335 85
155 317 61
155 157 30
155 175 25
156 332 1
156 305 8
156 179 72
156 276 45
156 213 36
156 184 74
156 249 24
156 200 72
157 162 33
157 197 54
157 312 4
157 297 100
157 268 24
157 175 10
157 339 27
157 282 46
157 159 43
158 260 23
158 278 56
158 182 2
158 277 45
158 160 6
159 162 25
159 197 50
159 297 39
159 268 29
159 227 82
159 239 49
159 339 59
159 312 48
159 282 28
160 166 76
160 233 53
160 260 52
160 242 36
160 298 62
160 245 49
160 182 15
161 295 2
161 235 46
161 338 39
161 307 56
161 253 42
162 297 15
162 268 15
162 173 70
162 227 10
162 339 32
162 282 3
162 312 51
162 197 84
163 193 64
163 290 94
163 232 19
163 265 65
163 234 96
163 264 50
163 237 76
163 244 53
163 284 100
163 223 78
164 259 22
164 229 94
164 326 66
164 266 62
164 277 22
164 192 46
165 193 91
165 257 33
165 316 6
165 280 41
165 217 81
165 340 27
165 344 32
165 349 34
165 208 77
166 325 54
166 233 14
166 298 24
166 242 30
166 260 70
166 182 49
166 245 40
167 177 86
167 323 61
167 294 20
167 327 10
167 273 35
167 215 65
168 200 64
168 174 50
168 305 16
168 213 18
168 288 58
169 176 25
169 296 62
169 219 30
169 347 63
169 334 63
170 304 15
170 231 46
170 319 44
170 320 33
171 267 96
171 315 19
172 313 94
172 267 75
173 241 23
173 242 49
173 282 66
173 222 25
174 206 32
174 306 40
174 216 77
174 281 61
174 200 5
174 288 6
175 297 39
175 317 78
175 335 36
176 243 13
176 296 29
176 334 42
177 273 21
177 323 3
177 294 77
177 327 40
177 269 72
177 239 64
177 275 32
177 212 77
178 193 47
178 183 79
178 203 92
178 300 37
178 205 73
178 244 89
178 186 80
178 187 32
179 332 7
179 305 30
179 213 14
179 184 89
179 249 80
179 347 3
180 210 11
180 247 2
180 252 59
180 256 20
180 350 18
180 272 71
181 190 51
182 325 28
182 260 69
182 245 47
182 322 32
183 274 55
183 203 33
183 186 63
183 187 57
183 300 87
183 318 91
183 330 53
184 305 29
184 332 49
184 249 5
184 213 1
184 347 69
185 289 98
185 321 15
185 262 66
185 350 5
186 198 66
186 274 22
186 330 26
186 331 100
186 205 94
186 187 3
186 318 55
187 330 57
187 203 91
187 300 95
187 205 1
187 318 54
187 274 89
187 331 49
188 292 44
188 276 79
188 191 7
189 240 11
189 196 62
189 216 21
190 303 17
191 292 4
191 276 40
192 259 55
192 277 5
192 326 77
193 232 79
193 265 12
193 244 39
193 316 74
193 223 62
194 258 99
194 230 79
194 199 77
194 345 45
194 218 54
194 252 76
194 224 19
195 284 88
195 244 28
195 264 71
195 201 13
195 232 25
195 205 92
195 283 10
195 223 12
196 343 14
197 297 30
197 268 62
197 282 79
197 339 82
197 312 80
198 261 29
198 331 67
198 293 35
198 254 48
198 287 60
199 230 59
199 258 8
199 272 99
199 247 88
199 345 8
199 252 32
199 224 96
200 305 22
200 213 38
201 293 36
201 264 8
201 331 52
201 205 16
201 283 70
201 284 27
202 229 57
202 266 54
202 209 86
202 278 10
202 254 21
202 287 3
203 274 42
203 341 55
203 300 85
203 301 32
203 318 56
204 279 32
204 207 93
205 264 14
205 331 40
205 244 61
206 216 99
206 270 28
206 271 85
206 306 15
206 240 40
206 288 30
207 279 7
207 219 52
208 257 46
208 299 30
208 280 47
208 238 88
208 340 31
208 344 4
208 217 50
208 349 37
208 255 76
209 229 2
209 254 21
209 278 5
209 293 56
209 287 65
210 273 85
210 294 59
210 224 9
210 272 76
210 256 21
211 306 44
211 291 70
211 315 29
211 270 64
211 271 47
212 323 18
212 311 3
212 269 29
212 239 49
213 332 29
213 305 77
213 276 11
213 249 11
214 289 94
214 262 53
214 329 6
214 234 99
214 337 92
214 237 87
214 250 47
214 336 26
215 273 5
215 294 80
215 256 58
216 240 19
216 288 59
217 257 21
217 280 42
217 340 100
217 344 4
217 316 94
217 349 68
217 238 84
217 255 85
218 345 65
219 279 49
219 296 35
219 334 56
220 285 17
220 238 49
221 324 32
221 228 58
221 299 69
221 285 83
221 238 36
222 226 39
222 295 39
222 242 48
222 241 83
222 338 78
223 232 63
223 265 66
223 264 90
223 244 42
223 316 55
224 258 49
224 272 76
224 345 41
224 252 31
224 230 31
225 236 88
225 310 83
226 235 71
226 338 17
226 286 17
226 348 46
227 268 38
227 275 67
227 248 67
227 339 57
227 312 55
228 324 8
228 285 86
228 299 76
228 238 58
229 259 64
229 266 85
229 277 82
229 278 95
229 254 6
229 287 81
230 258 94
230 272 34
230 247 49
230 345 97
230 252 10
231 314 71
231 320 24
231 319 41
231 304 24
232 244 13
232 264 17
232 265 4
232 284 2
233 242 27
233 245 88
233 298 76
233 248 39
234 290 90
234 265 92
234 237 18
234 336 78
234 329 81
234 340 7
234 250 33
235 338 21
235 348 53
235 286 15
236 310 30
236 317 28
236 335 93
237 290 16
237 265 12
237 250 1
237 336 75
238 324 62
238 299 59
238 285 1
238 280 93
238 349 88
239 323 89
239 327 17
239 269 60
239 275 35
241 295 91
241 242 90
241 282 84
242 298 49
242 260 80
242 245 83
244 264 75
244 265 79
244 316 55
245 298 49
245 260 37
246 251 16
247 258 80
247 272 79
247 252 36
248 298 96
249 332 79
249 305 86
249 347 16
250 289 70
250 321 71
250 262 11
250 336 19
252 258 46
252 345 64
252 283 71
252 272 41
253 295 14
253 338 51
253 307 40
254 293 97
254 331 12
254 278 35
254 266 93
254 287 99
255 344 50
255 346 71
255 280 17
255 349 86
256 350 38
257 290 78
257 344 81
257 340 72
257 280 96
257 349 34
258 272 72
258 345 87
259 326 6
259 266 86
259 277 88
260 325 100
260 322 43
261 330 82
261 331 72
262 321 2
262 289 88
262 336 31
263 309 47
263 314 85
263 348 64
263 286 49
264 284 96
264 283 22
265 290 30
266 277 81
266 278 59
266 287 46
268 312 44
268 297 29
268 339 7
268 282 19
269 323 78
269 311 98
269 347 32
270 315 8
270 306 67
270 271 75
270 288 72
271 315 79
271 288 96
273 327 18
273 294 94
274 330 40
274 300 94
274 301 27
274 318 51
275 294 1
275 327 83
276 292 66
277 326 33
278 287 5
280 299 48
280 340 49
280 344 51
280 349 55
281 306 75
281 292 53
281 315 37
281 288 97
282 295 90
282 297 12
282 339 63
282 312 76
283 284 45
283 345 96
285 324 74
286 338 55
286 348 5
287 293 22
287 331 2
288 306 68
289 321 46
289 336 68
290 329 80
290 336 46
290 340 37
290 344 38
291 328 42
291 313 61
291 333 82
292 306 43
293 331 53
294 327 13
295 338 58
295 307 43
296 334 80
297 339 69
297 312 22
299 341 91
299 349 85
300 318 84
300 301 7
301 341 85
301 318 1
302 342 94
303 337 90
304 314 56
304 319 48
304 320 63
305 332 3
306 315 9
307 338 79
308 334 50
309 314 10
310 335 75
311 323 72
311 347 60
312 339 88
314 319 61
314 320 97
316 341 6
317 335 81
318 330 30
319 322 31
319 325 25
319 320 35
321 336 86
322 325 61
323 327 2
328 333 18
329 344 94
332 347 95
338 348 41
340 344 92
340 349 73
344 346 61
10
1
1
1 2
1 2 3
1 2 3 4 5 6
1 2 3 4 5 6 7 8 9 10 11
1 2 3 4 5 6 7 8 9 10 11 12 13 14 15 16 17 18 19 20 21 22
1 2 3 4 5 6 7 8 9 10 11 12 13 14 15 16 17 18 19 20 21 22 23 24 25 26 27 28 29 30 31 32 33 34 35 36 37 38 39 40 41 42 43 44
1 2 3 4 5 6 7 8 9 10 11 12 13 14 15 16 17 18 19 20 21 22 23 24 25 26 27 28 29 30 31 32 33 34 35 36 37 38 39 40 41 42 43 44 45 46 47 48 49 50 51 52 53 54 55 56 57 58 59 60 61 62 63 64 65 66 67 68 69 70 71 72 73 74 75 76 77 78 79 80 81 82 83 84 85 86 87 88
1 2 3 4 5 6 7 8 9 10 11 12 13 14 15 16 17 18 19 20 21 22 23 24 25 26 27 28 29 30 31 32 33 34 35 36 37 38 39 40 41 42 43 44 45 46 47 48 49 50 51 52 53 54 55 56 57 58 59 60 61 62 63 64 65 66 67 68 69 70 71 72 73 74 75 76 77 78 79 80 81 82 83 84 85 86 87 88 89 90 91 92 93 94 95 96 97 98 99 100 101 102 103 104 105 106 107 108 109 110 111 112 113 114 115 116 117 118 119 120 121 122 123 124 125 126 127 128 129 130 131 132 133 134 135 136 137 138 139 140 141 142 143 144 145 146 147 148 149 150 151 152 153 154 155 156 157 158 159 160 161 162 163 164 165 166 167 168 169 170 171 172 173 174 175
