1309
1 145 69
1 17 38
1 3 55
1 229 88
1 230 15
1 154 33
1 202 54
1 43 61
1 250 31
1 75 71
1 144 11
2 30 96
2 53 67
2 55 97
2 165 67
2 43 24
2 157 7
2 78 8
2 208 61
3 145 61
3 229 16
3 230 70
3 9 98
3 202 81
3 75 36
3 17 8
3 53 5
3 122 93
3 154 10
3 43 83
4 161 5
4 66 36
4 83 81
4 36 53
4 196 21
4 217 41
4 129 37
4 221 88
4 127 25
5 67 20
5 68 90
5 37 95
5 71 52
5 199 31
5 40 100
5 42 77
5 228 63
5 45 11
5 46 4
5 227 56
5 209 6
5 116 48
5 85 25
5 239 80
5 59 23
5 220 56
5 222 43
6 241 74
6 162 98
6 179 54
6 164 66
6 39 52
6 84 28
6 110 96
6 190 97
7 73 17
7 169 16
7 133 52
7 63 98
8 165 92
8 136 52
8 41 13
8 10 69
8 77 79
8 15 99
8 16 76
8 115 38
8 148 21
8 117 49
8 86 51
8 24 51
8 153 63
9 145 78
9 67 5
9 53 17
9 229 99
9 42 67
9 122 79
9 75 48
9 12 58
9 37 49
9 46 90
10 165 6
10 102 33
10 41 84
10 136 14
10 77 85
10 15 69
10 144 35
10 148 55
10 117 6
10 86 76
10 248 95
10 153 58
10 16 51
11 35 80
11 12 28
11 87 89
11 200 40
11 138 78
11 107 26
11 204 66
11 211 45
11 55 25
11 122 84
11 92 46
11 30 37
12 67 57
12 228 87
12 37 83
12 87 95
12 42 78
12 75 6
12 204 73
12 45 94
12 46 35
12 183 76
12 122 71
12 59 15
13 243 64
13 134 67
13 216 96
13 61 61
13 109 46
13 80 93
14 225 32
14 28 91
14 172 48
14 139 23
14 219 82
14 156 37
14 237 89
14 238 69
15 195 79
15 136 19
15 41 86
15 203 59
15 77 44
15 240 2
15 49 38
15 244 25
15 117 30
15 86 65
15 153 94
15 16 32
15 29 64
16 165 97
16 41 87
16 136 61
16 77 67
16 208 22
16 148 32
16 117 83
16 86 39
16 248 15
16 153 19
17 230 65
17 182 74
17 168 33
17 154 68
17 250 32
17 202 19
17 54 32
17 95 62
17 144 92
18 214 5
18 20 13
18 38 71
18 24 42
18 234 38
18 140 16
18 159 28
18 64 86
19 158 16
19 50 28
19 163 96
19 120 92
19 185 20
19 236 23
19 174 54
19 176 24
20 214 69
20 234 62
20 170 41
20 140 22
20 38 88
20 159 92
20 64 63
21 97 66
21 98 64
21 131 37
21 181 39
21 197 32
21 79 78
21 175 58
21 57 2
21 84 43
21 149 22
21 111 35
21 25 73
21 26 7
21 224 84
21 190 16
21 118 58
22 113 94
22 182 100
22 54 51
22 231 45
22 168 53
22 250 80
22 44 15
22 119 41
22 95 2
22 150 18
23 66 70
23 135 38
23 34 79
23 137 34
23 210 60
23 51 28
23 47 80
23 176 92
23 178 80
23 83 37
23 88 92
23 124 95
24 115 73
24 214 90
24 41 92
24 153 8
24 136 43
24 38 15
25 97 77
25 197 69
25 101 19
25 98 22
25 72 38
25 171 81
25 111 54
25 121 99
25 180 39
25 175 38
25 57 53
25 181 23
25 155 95
25 156 74
25 93 96
25 224 76
26 190 69
26 119 19
26 84 92
26 118 12
26 215 38
26 175 2
26 79 12
26 94 66
26 111 47
26 224 37
27 179 23
27 164 84
27 69 80
27 112 84
27 110 45
27 160 22
28 33 74
28 97 80
28 100 61
28 197 70
28 72 97
28 139 99
28 172 53
28 237 93
28 238 89
28 180 50
28 186 89
28 156 16
28 93 28
28 235 71
29 49 64
29 195 40
29 244 74
29 247 52
29 152 77
29 218 39
29 203 37
29 173 100
29 240 68
30 211 76
30 53 51
30 55 19
30 157 74
30 35 74
31 135 84
31 146 30
31 138 65
31 107 52
31 200 12
31 174 88
31 178 22
31 51 22
31 151 49
31 56 75
31 123 93
31 92 41
31 96 96
32 146 57
32 133 91
32 213 36
32 151 2
32 56 36
32 169 49
32 138 65
32 76 59
32 73 64
32 96 47
33 97 35
33 100 9
33 180 41
33 186 45
33 235 63
34 210 48
34 198 45
34 66 8
34 137 4
34 106 7
34 88 6
34 124 8
34 191 32
34 47 36
34 166 32
35 211 73
35 133 28
35 55 10
35 169 65
35 76 40
36 129 68
36 132 44
36 198 74
36 196 82
36 232 69
36 217 62
36 127 30
36 48 75
37 67 65
37 68 36
37 199 93
37 40 87
37 42 56
37 75 37
37 45 84
37 46 67
37 209 79
37 228 82
37 89 53
37 122 27
37 59 34
37 220 45
37 222 34
38 115 59
38 214 34
38 153 49
38 234 31
38 140 83
38 201 69
38 64 82
39 241 90
39 162 80
39 164 32
39 150 4
39 215 90
39 90 74
39 110 87
39 94 46
40 130 53
40 67 10
40 68 66
40 71 78
40 199 78
40 227 47
40 42 91
40 45 81
40 46 42
40 239 45
40 142 27
40 209 38
40 116 55
40 85 20
40 89 8
40 59 81
40 220 35
40 222 56
41 165 95
41 248 1
41 77 72
41 115 3
41 148 78
41 117 78
41 86 1
41 153 23
41 136 52
42 67 35
42 228 28
42 199 10
42 75 24
42 204 89
42 45 65
42 46 93
42 209 71
42 68 22
42 183 10
42 122 94
42 59 75
42 220 84
42 222 99
43 145 73
43 148 63
43 53 15
43 230 55
43 202 19
43 165 82
43 229 84
43 157 69
44 113 82
44 147 22
44 150 40
44 231 48
44 168 23
44 250 16
44 95 44
44 182 61
45 67 19
45 68 58
45 199 26
45 46 32
45 239 4
45 209 35
45 228 78
45 85 48
45 183 38
45 59 39
45 220 42
45 222 63
46 67 77
46 68 83
46 71 88
46 199 100
46 75 15
46 209 39
46 228 26
46 89 98
46 59 67
46 220 21
46 222 33
47 166 29
47 232 34
47 106 49
47 88 74
47 48 34
47 191 58
47 127 37
47 198 18
48 99 17
48 166 81
48 196 75
48 232 38
48 106 85
48 198 91
48 132 35
48 191 35
48 127 20
48 128 90
49 195 59
49 218 25
49 244 35
49 247 85
49 152 31
49 173 24
49 203 5
49 136 85
49 240 32
50 185 18
50 163 91
50 236 53
50 158 57
51 92 100
51 135 7
51 178 82
51 137 11
51 107 54
51 200 7
51 176 47
51 210 100
51 88 91
51 123 42
51 124 15
52 125 26
52 141 53
52 70 52
52 184 90
52 105 5
52 58 67
52 60 76
52 189 47
52 62 65
52 192 70
53 145 86
53 229 65
53 55 47
53 122 15
53 157 1
54 113 4
54 182 22
54 168 19
54 154 36
54 250 22
54 95 51
54 230 41
55 211 97
55 157 57
56 146 83
56 213 23
56 151 78
56 73 63
56 174 85
56 96 50
57 97 82
57 98 88
57 131 42
57 181 87
57 149 49
57 118 71
57 197 58
57 190 31
57 175 96
58 201 14
58 140 25
58 70 86
58 184 76
58 105 81
58 125 3
58 60 12
58 189 7
58 62 34
58 192 38
59 67 31
59 228 25
59 199 64
59 239 74
59 209 24
59 210 57
59 68 63
59 85 52
59 183 83
59 220 65
59 222 14
60 189 80
60 125 55
60 70 32
60 184 10
60 105 58
60 141 45
60 62 42
60 192 86
61 243 31
61 134 95
61 216 60
61 109 82
61 143 73
61 80 54
62 70 93
62 105 82
62 189 98
63 169 64
63 133 6
63 70 4
64 234 56
64 140 17
64 159 54
64 214 11
65 225 60
65 81 30
65 219 87
66 161 83
66 83 69
66 88 70
66 129 97
66 124 79
66 221 11
66 163 68
66 196 98
67 68 45
67 199 12
67 75 69
67 209 76
67 228 22
67 122 98
67 89 51
67 220 70
67 222 46
68 228 91
68 71 96
68 199 3
68 227 3
68 239 9
68 209 7
68 85 89
68 220 36
68 222 44
69 177 67
69 187 54
69 160 94
69 126 65
69 112 43
70 125 81
70 105 34
70 189 5
71 130 85
71 227 3
71 199 62
71 239 43
71 142 75
71 209 48
71 242 61
71 116 71
71 85 10
71 89 12
71 220 31
71 222 79
72 98 14
72 156 21
72 197 16
72 171 18
72 238 17
72 180 50
72 121 37
72 101 31
72 155 91
72 93 69
73 133 30
73 213 3
73 151 23
73 169 11
73 76 82
73 96 76
74 242 37
74 116 69
74 101 27
74 104 74
74 249 83
74 130 27
74 155 72
74 142 29
74 206 61
75 229 60
75 145 50
75 89 16
75 122 91
76 169 13
76 133 60
76 151 35
76 138 45
76 213 77
76 211 29
76 200 91
76 96 50
77 195 25
77 165 91
77 102 91
77 136 58
77 148 78
77 117 74
77 86 89
77 248 8
77 153 42
77 240 82
78 157 82
78 165 59
78 208 13
79 98 94
79 119 18
79 104 35
79 111 25
79 175 40
79 94 88
79 84 82
79 118 29
79 215 60
79 190 32
79 224 26
80 243 65
80 143 78
80 134 99
80 216 61
80 109 64
81 225 51
81 219 3
82 245 69
82 141 11
83 129 60
83 163 82
83 236 49
83 88 88
83 161 76
83 185 40
83 124 54
83 221 65
84 190 91
84 215 78
84 94 85
84 224 1
84 111 19
84 175 20
84 118 71
85 227 22
85 166 18
85 199 22
85 239 30
85 209 25
85 220 69
85 191 62
86 226 88
86 195 48
86 244 85
86 102 71
86 203 12
86 108 84
86 205 79
86 144 68
86 148 43
86 117 77
86 248 56
86 240 20
86 136 57
87 137 48
87 211 95
87 92 67
87 123 95
87 200 43
87 138 50
87 122 14
87 107 4
87 204 16
88 129 82
88 210 50
88 106 92
88 124 85
88 221 3
89 222 26
89 154 4
89 220 11
89 142 58
89 227 28
90 177 8
90 162 24
90 241 3
90 150 86
90 187 98
90 110 97
90 126 57
90 160 95
91 242 11
91 116 11
91 246 92
91 212 72
91 130 9
91 249 1
91 206 20
92 135 42
92 200 62
92 137 58
92 138 27
92 107 10
92 204 17
92 211 31
92 178 35
92 146 25
92 123 43
93 97 89
93 98 90
93 101 59
93 171 6
93 238 97
93 180 77
93 121 5
93 197 45
93 156 40
94 162 12
94 231 57
94 111 90
94 241 99
94 119 17
94 150 21
94 215 60
94 190 31
94 224 34
95 182 52
95 147 5
95 231 88
95 168 12
95 250 19
95 113 98
95 150 13
96 200 4
96 138 54
96 146 59
96 213 65
96 151 88
96 123 8
96 169 89
97 98 8
97 197 99
97 181 81
97 180 73
97 186 40
97 156 85
98 197 11
98 111 16
98 175 36
98 121 4
98 180 99
98 181 36
98 118 85
98 224 67
99 132 21
99 128 41
100 186 83
100 235 96
100 172 61
101 171 44
101 121 60
101 155 10
101 156 58
101 219 34
101 104 96
101 206 11
102 194 89
102 195 93
102 108 99
102 205 74
102 244 78
102 226 82
102 144 81
102 148 11
102 117 8
102 202 65
102 188 3
102 248 43
103 177 65
103 194 78
103 147 21
103 233 20
103 187 69
103 188 83
103 207 22
104 111 90
104 121 89
104 171 17
104 155 9
104 224 57
105 141 63
105 184 41
105 201 12
105 189 22
105 125 24
105 192 29
106 129 44
106 132 59
106 198 62
106 232 78
106 196 78
106 127 51
106 191 86
106 166 80
107 135 49
107 200 67
107 137 87
107 146 68
107 204 30
107 211 93
107 178 12
107 210 71
107 138 38
107 123 69
108 194 84
108 195 25
108 226 79
108 205 38
108 207 64
108 144 32
108 147 32
108 244 31
108 248 40
108 188 84
109 243 99
109 134 42
109 216 65
109 143 70
110 241 80
110 162 85
110 179 5
110 164 88
110 187 32
110 160 13
111 175 29
111 181 58
111 118 66
111 215 87
111 190 5
111 224 5
112 143 42
113 182 71
113 150 67
113 231 72
113 168 50
113 250 31
113 119 58
114 170 22
114 159 73
115 201 59
115 214 39
115 153 51
115 208 6
116 130 77
116 227 14
116 199 96
116 142 68
116 239 50
116 242 68
116 212 27
116 249 27
116 220 69
116 222 22
117 165 43
117 136 13
117 144 3
117 148 3
117 248 5
117 153 78
118 131 93
118 181 87
118 175 47
118 149 4
118 215 77
118 190 22
118 224 100
119 215 96
119 182 63
119 231 9
120 124 65
120 174 5
120 163 45
120 236 55
120 185 64
120 176 25
120 158 50
121 180 83
121 197 92
121 155 16
121 156 96
121 171 38
122 204 66
122 229 58
122 145 67
123 151 71
123 135 32
123 146 4
123 137 40
123 138 96
123 200 11
123 174 98
123 178 54
124 129 21
124 185 16
124 221 83
124 176 66
125 189 51
125 201 92
125 184 30
125 141 8
125 192 70
126 177 40
126 187 60
126 160 60
127 129 75
127 132 6
127 166 88
127 232 70
127 196 24
127 217 51
127 191 1
127 198 50
128 132 51
129 161 69
129 196 97
129 198 18
129 232 25
129 217 87
129 221 52
130 227 23
130 142 26
130 239 23
130 242 67
130 249 80
130 220 69
130 222 93
130 212 91
131 181 77
131 149 90
132 166 92
132 232 51
132 196 96
132 217 59
132 191 73
132 198 33
133 169 64
134 193 41
134 243 28
134 216 16
135 183 24
135 200 36
135 137 1
135 178 14
135 176 76
135 210 93
136 195 50
136 203 85
136 148 61
136 153 5
136 240 1
137 183 84
137 178 42
137 200 12
137 210 7
138 200 15
138 146 31
138 211 47
138 213 18
138 151 26
139 225 55
139 219 31
139 172 6
139 237 40
139 238 36
140 214 61
140 234 75
140 201 23
140 192 1
140 141 59
141 245 27
141 184 22
141 189 95
141 192 60
142 242 88
142 227 73
142 220 5
142 222 53
143 243 72
144 194 85
144 230 78
144 226 14
144 205 46
144 202 89
144 248 86
145 229 39
145 230 56
145 202 59
145 154 18
146 200 76
146 174 8
146 213 58
146 151 21
147 177 28
147 194 26
147 188 30
147 233 3
148 165 39
148 248 93
148 153 5
149 181 91
149 197 66
149 190 38
149 175 53
150 241 79
150 162 10
150 231 99
150 182 16
151 200 14
151 213 48
151 169 79
152 207 66
152 167 45
152 247 12
152 218 55
152 173 23
152 223 19
153 165 39
153 208 32
154 229 38
154 168 14
154 250 44
154 202 21
154 230 51
155 171 38
155 224 76
156 197 22
156 171 5
156 238 89
156 180 65
156 219 68
157 165 35
157 208 71
158 163 42
158 185 65
158 236 31
158 174 23
158 176 38
159 170 1
160 177 77
160 187 55
161 163 75
161 196 45
161 217 94
161 221 74
162 241 26
162 215 2
162 179 99
162 164 76
163 185 65
163 236 78
163 221 50
163 176 26
164 241 18
164 179 46
165 208 26
166 198 48
166 232 94
166 191 33
167 193 24
167 223 91
168 230 56
168 231 99
168 250 15
168 182 82
169 213 92
171 206 62
171 238 77
171 180 78
171 219 99
172 237 91
172 235 28
173 226 49
173 195 76
173 244 87
173 247 39
173 218 34
173 203 22
173 207 15
173 240 7
174 185 73
174 178 23
174 176 78
175 197 73
175 181 59
175 215 60
175 190 10
175 224 97
176 236 15
176 178 56
176 185 67
177 233 2
177 187 74
178 200 91
178 210 85
180 197 1
180 181 42
180 186 58
181 197 34
181 224 95
181 190 14
182 231 59
182 250 38
183 209 12
183 210 55
183 228 100
184 189 11
184 245 70
184 192 41
185 236 66
185 221 1
186 197 98
186 235 65
187 233 79
188 226 76
188 244 86
188 194 70
188 233 10
188 205 91
188 207 6
189 201 45
189 192 62
190 215 8
190 224 34
191 198 37
191 232 86
192 245 6
192 201 75
194 226 4
194 205 1
194 207 89
195 226 49
195 203 13
195 205 38
195 240 86
195 244 95
195 207 9
195 247 70
195 248 55
196 198 78
196 232 43
196 217 66
198 232 70
199 228 64
199 239 55
199 209 13
199 227 56
199 220 59
199 222 59
200 211 69
200 213 96
201 214 28
202 229 16
202 248 26
202 250 66
202 230 64
203 244 63
203 247 26
203 218 79
203 240 54
204 211 20
204 228 29
205 226 75
205 244 61
205 248 48
206 225 51
206 242 44
206 212 71
206 249 81
206 219 56
206 246 38
207 244 54
207 247 31
207 226 95
207 233 4
209 228 43
209 239 90
209 227 89
209 220 88
209 222 48
210 228 4
211 213 50
212 227 17
212 246 48
212 242 90
212 249 67
212 239 10
214 234 35
215 241 54
215 224 39
216 243 3
217 232 99
218 247 11
218 223 75
219 225 63
219 238 8
220 227 38
220 239 51
220 228 44
220 222 34
221 236 71
222 227 14
222 239 38
222 228 51
225 238 21
226 244 77
226 247 85
226 248 97
226 240 86
227 239 71
227 242 13
229 230 83
230 250 85
237 238 98
239 242 14
240 244 9
240 247 90
242 246 82
242 249 59
244 247 68
246 249 3
10
1
1
1
1 2
1 2 3 4
1 2 3 4 5 6 7 8
1 2 3 4 5 6 7 8 9 10 11 12 13 14 15 16
1 2 3 4 5 6 7 8 9 10 11 12 13 14 15 16 17 18 19 20 21 22 23 24 25 26 27 28 29 30 31 32
1 2 3 4 5 6 7 8 9 10 11 12 13 14 15 16 17 18 19 20 21 22 23 24 25 26 27 28 29 30 31 32 33 34 35 36 37 38 39 40 41 42 43 44 45 46 47 48 49 50 51 52 53 54 55 56 57 58 59 60 61 62 63
1 2 3 4 5 6 7 8 9 10 11 12 13 14 15 16 17 18 19 20 21 22 23 24 25 26 27 28 29 30 31 32 33 34 35 36 37 38 39 40 41 42 43 44 45 46 47 48 49 50 51 52 53 54 55 56 57 58 59 60 61 62 63 64 65 66 67 68 69 70 71 72 73 74 75 76 77 78 79 80 81 82 83 84 85 86 87 88 89 90 91 92 93 94 95 96 97 98 99 100 101 102 103 104 105 106 107 108 109 110 111 112 113 114 115 116 117 118 119 120 121 122 123 124 125
