2912
1 301 59
1 68 36
1 452 94
1 341 99
1 55 29
2 65 70
2 337 18
2 432 57
2 59 14
2 412 71
2 157 50
2 336 4
3 492 10
3 105 39
3 237 85
3 331 48
3 44 94
3 397 2
3 84 27
3 53 77
3 58 57
3 365 92
3 315 99
3 491 10
4 305 58
4 313 86
4 439 27
4 247 8
4 72 29
4 489 4
4 330 74
4 61 53
5 481 33
5 103 26
5 242 7
5 137 97
5 317 18
5 332 34
5 205 21
5 335 95
5 144 55
5 113 31
5 25 47
5 436 29
5 216 99
5 312 97
5 409 35
5 314 8
5 251 61
5 444 23
5 381 85
5 89 42
6 81 66
6 225 46
6 19 54
6 260 20
6 234 96
6 394 87
6 268 56
6 477 80
6 499 8
6 287 48
6 222 19
7 386 71
7 67 60
7 86 80
7 471 97
7 328 17
7 307 32
7 272 50
8 130 92
8 20 75
8 301 76
8 96 17
8 480 82
8 388 51
8 334 10
8 452 83
8 416 48
9 132 56
9 39 57
9 328 83
9 48 74
9 356 8
9 414 66
9 228 11
9 181 17
9 377 19
9 283 30
9 60 71
9 443 96
10 34 25
10 172 29
10 197 9
10 134 89
10 426 58
10 138 85
10 171 50
10 108 92
10 269 40
10 238 20
10 152 72
10 124 69
10 62 93
11 483 60
11 229 45
11 457 43
11 46 97
11 80 20
11 451 19
11 434 6
11 400 75
11 182 98
11 88 38
11 220 12
11 128 88
12 164 19
12 188 45
12 295 17
12 120 51
12 372 1
12 170 47
12 267 86
12 376 54
12 254 94
12 154 96
13 482 30
13 131 43
13 101 35
13 486 21
13 456 19
13 297 36
13 490 78
13 116 53
13 245 92
13 87 11
13 472 71
13 410 47
13 346 52
13 95 64
14 187 66
14 461 38
14 446 92
14 112 41
15 483 86
15 121 78
15 135 72
15 392 14
15 457 51
15 45 82
15 46 57
15 80 75
15 209 83
15 434 54
15 149 3
15 376 93
15 441 65
15 398 54
15 220 9
15 63 91
16 498 78
16 259 14
16 484 83
16 437 90
16 290 7
16 288 64
16 404 56
16 352 97
17 20 5
17 130 28
17 214 52
17 52 100
17 230 92
17 440 69
17 379 42
17 493 5
17 366 56
17 495 5
17 480 100
18 355 79
18 180 93
18 73 97
18 189 59
18 460 32
18 445 97
18 35 39
18 223 90
18 419 82
19 225 80
19 260 73
19 234 10
19 268 27
19 81 41
19 377 27
19 499 6
19 118 77
19 394 66
19 217 32
19 219 86
19 222 11
20 130 20
20 388 17
20 230 69
20 334 14
20 495 29
20 176 51
20 52 71
20 214 96
20 440 66
20 480 58
20 416 23
21 33 45
21 357 62
21 167 80
21 299 32
21 463 16
21 306 69
21 371 67
21 148 15
21 246 63
21 282 22
21 316 17
21 285 45
21 383 9
21 438 44
22 66 27
22 262 36
22 391 33
22 40 88
22 201 79
22 362 5
22 203 31
22 56 2
22 173 58
22 464 65
22 275 63
22 405 41
22 280 72
22 24 52
22 123 37
22 28 84
22 349 14
23 162 17
23 422 41
23 71 11
23 360 57
23 329 44
23 429 74
23 204 54
23 333 69
23 497 54
23 151 36
23 249 68
23 26 80
23 380 20
24 66 99
24 405 48
24 391 38
24 56 6
24 349 84
24 186 99
24 28 36
24 173 17
24 464 78
25 409 13
25 390 39
25 103 1
25 168 11
25 285 65
25 216 29
25 335 31
25 144 47
25 242 33
25 436 39
25 375 91
25 312 34
25 89 85
25 314 46
25 316 22
25 317 23
25 166 2
26 162 59
26 360 69
26 453 82
26 71 91
26 450 26
26 329 37
26 104 23
26 204 65
26 429 44
26 497 37
26 151 90
26 184 56
26 249 68
26 380 79
27 354 11
27 99 11
27 228 84
27 231 8
27 227 8
27 110 16
27 240 83
27 82 55
27 211 55
27 118 18
27 217 12
27 155 88
27 286 70
28 66 1
28 405 77
28 391 51
28 349 20
28 186 100
28 194 50
28 56 83
28 173 62
28 464 81
29 97 93
29 101 32
29 131 91
29 421 56
29 264 82
29 297 62
29 490 40
29 276 28
29 116 18
29 343 72
29 472 44
29 346 25
29 318 51
30 81 91
30 273 92
30 499 62
30 212 6
30 287 83
30 402 80
30 477 40
30 219 95
30 232 94
30 413 3
30 308 30
31 289 24
31 305 74
31 244 25
31 313 49
32 465 12
32 274 71
32 100 7
32 117 40
32 196 69
32 226 39
32 42 61
32 411 58
32 364 77
32 300 37
32 224 99
33 357 1
33 264 34
33 105 76
33 299 100
33 136 25
33 237 19
33 271 95
33 148 91
33 246 66
33 415 49
33 345 17
33 282 92
33 331 96
33 383 5
33 438 31
34 214 60
34 52 84
34 134 59
34 171 24
34 364 69
34 379 18
34 108 82
34 366 33
34 138 25
34 427 12
35 419 95
35 36 88
35 73 57
35 139 23
35 140 74
35 174 85
35 213 24
35 279 77
35 460 40
35 156 46
35 445 52
35 126 4
35 447 32
36 163 100
36 140 57
36 139 30
36 460 19
36 174 67
36 419 76
36 279 56
36 156 25
36 445 60
36 126 2
36 447 65
37 322 46
37 420 34
37 146 21
37 425 27
37 218 16
37 324 64
37 64 74
38 257 13
38 193 68
38 261 82
38 361 69
38 106 7
38 206 53
38 146 43
38 115 37
38 340 71
38 309 18
38 218 69
38 253 32
38 94 40
39 377 95
39 356 85
39 181 62
39 328 81
39 414 56
39 219 39
39 60 81
39 283 30
39 48 97
39 443 65
40 466 29
40 403 38
40 367 40
40 391 34
40 41 88
40 362 13
40 349 12
40 207 20
40 262 86
41 358 49
41 458 2
41 207 43
41 369 5
41 466 53
41 403 95
41 373 27
41 367 58
41 119 65
41 348 5
41 384 46
42 321 71
42 226 75
42 100 82
42 485 40
42 134 86
42 172 10
42 224 7
42 465 58
42 117 84
42 411 94
42 364 15
43 435 73
43 238 28
43 311 72
43 263 71
43 378 59
43 298 68
43 152 26
43 221 8
43 382 33
43 79 33
43 62 16
44 397 69
44 294 26
44 488 3
44 237 63
44 491 84
44 492 27
44 77 85
44 195 18
44 241 30
44 84 29
44 53 36
44 442 79
44 58 67
44 315 6
44 331 39
45 418 70
45 165 84
45 135 7
45 392 19
45 107 62
45 46 21
45 80 46
45 209 76
45 441 46
45 376 98
45 121 86
46 483 17
46 135 1
46 457 69
46 80 5
46 209 17
46 434 73
46 88 83
46 441 70
46 121 56
46 220 29
47 177 57
47 147 74
47 396 48
47 250 82
47 91 11
47 476 56
47 253 51
48 99 54
48 356 46
48 394 96
48 227 2
48 240 6
48 82 43
48 228 85
48 470 74
48 234 68
48 217 29
48 414 2
48 283 20
48 443 15
48 118 28
49 193 55
49 98 57
49 292 87
49 183 33
49 218 98
49 361 60
49 474 69
49 368 71
49 109 40
49 78 73
49 462 88
50 93 46
50 385 54
50 323 93
50 389 50
50 278 80
50 163 22
50 122 11
50 236 99
50 461 100
50 158 25
50 142 93
51 161 33
51 193 78
51 179 55
51 340 52
51 85 77
51 78 32
51 266 37
51 309 33
51 350 93
51 257 75
51 192 38
52 214 9
52 433 34
52 440 22
52 379 9
52 230 78
52 366 76
52 495 71
52 427 96
53 492 34
53 294 82
53 488 4
53 397 43
53 331 69
53 237 10
53 84 61
53 346 15
53 442 35
53 315 84
54 83 57
54 372 33
54 295 67
54 267 71
54 68 46
54 254 61
54 143 98
55 68 15
55 341 41
55 301 73
55 452 7
55 416 88
56 66 70
56 391 93
56 386 24
56 203 71
56 173 91
56 464 60
56 405 1
56 471 83
56 280 78
56 186 36
57 244 99
57 454 12
57 247 90
57 72 46
57 200 86
57 61 96
57 198 39
58 492 75
58 487 2
58 105 27
58 205 12
58 491 98
58 332 76
58 365 10
58 239 10
58 401 59
58 84 84
58 251 98
58 315 10
58 75 47
59 65 8
59 336 51
60 132 79
60 422 68
60 328 15
60 429 89
60 141 85
60 478 16
60 283 46
60 114 92
60 356 87
60 181 4
60 443 25
60 414 84
61 247 46
61 277 9
61 198 73
61 439 56
61 244 96
61 330 20
61 72 77
61 200 13
61 454 28
62 291 23
62 197 18
62 138 92
62 395 97
62 344 50
62 269 17
62 238 63
62 382 83
62 311 70
62 152 75
62 378 95
62 475 27
62 124 88
62 125 10
62 479 52
63 98 33
63 483 55
63 392 98
63 109 2
63 462 22
63 78 87
63 434 68
63 368 63
63 149 32
63 183 40
63 398 51
63 474 61
63 220 71
63 127 14
64 322 25
64 420 18
64 146 10
64 425 95
64 324 84
65 432 72
65 157 67
65 336 21
66 280 28
66 386 51
66 391 93
66 203 2
66 173 20
66 464 36
66 405 35
66 186 10
67 386 51
67 307 20
67 86 53
67 328 38
67 471 24
67 272 34
68 83 18
68 295 47
68 341 16
68 254 57
68 143 73
69 417 100
69 467 100
69 102 33
69 215 23
69 431 66
69 393 37
69 363 71
69 326 77
69 235 63
69 159 50
69 310 34
70 306 94
70 371 16
70 148 55
70 357 98
70 431 80
70 167 100
70 252 15
70 467 1
70 463 32
71 162 34
71 422 65
71 360 16
71 329 58
71 333 15
71 204 80
71 429 55
71 497 81
71 151 78
71 249 11
71 380 50
72 198 65
72 277 20
72 247 54
72 439 100
72 200 7
72 330 39
72 244 56
72 454 37
73 223 32
73 460 7
73 180 65
73 119 50
73 156 20
73 445 77
73 270 99
73 351 61
73 208 55
74 449 69
74 337 20
74 184 22
74 404 16
74 104 67
74 412 5
74 190 55
74 288 51
75 312 60
75 409 20
75 137 39
75 390 65
75 103 53
75 105 18
75 285 54
75 491 46
75 332 99
75 205 32
75 487 70
75 401 43
75 242 58
75 365 57
75 89 35
75 251 34
75 317 1
75 383 93
76 353 98
76 194 76
76 487 85
76 137 62
76 367 10
76 332 53
76 205 17
76 239 30
76 401 29
76 466 57
76 373 14
76 207 24
76 444 48
76 384 80
77 241 22
77 195 63
77 84 63
77 294 30
77 233 2
77 186 60
77 342 69
78 193 88
78 257 100
78 98 77
78 361 78
78 109 49
78 398 14
78 462 20
78 127 81
78 183 47
78 474 44
78 368 35
78 350 64
79 435 46
79 263 27
79 298 16
79 221 13
79 382 66
80 483 68
80 441 86
80 135 4
80 457 59
80 209 63
80 434 13
80 88 48
80 121 65
80 220 43
80 255 17
81 225 83
81 356 89
81 232 24
81 234 91
81 268 92
81 499 27
81 118 18
81 394 43
81 377 89
81 219 38
81 222 50
81 287 28
82 290 24
82 99 82
82 228 26
82 453 43
82 231 90
82 354 81
82 227 25
82 110 55
82 259 61
82 162 43
82 240 5
82 497 46
82 450 36
82 286 7
82 470 59
82 90 8
82 443 76
82 380 20
82 352 68
83 230 68
83 295 99
83 265 77
83 267 34
83 493 69
83 143 36
83 243 35
83 372 26
83 480 65
83 254 93
83 416 81
84 294 51
84 105 14
84 365 44
84 331 6
84 492 26
84 397 95
84 237 87
84 315 66
84 491 66
85 257 66
85 161 68
85 179 37
85 261 85
85 153 23
85 266 78
85 192 18
85 206 100
85 350 77
86 308 1
86 342 68
86 328 91
86 233 38
86 471 64
86 232 96
86 413 73
86 307 53
86 272 79
87 273 87
87 482 36
87 490 67
87 245 43
87 486 42
87 101 23
87 456 86
87 410 19
87 477 64
88 258 65
88 387 16
88 424 65
88 457 24
88 209 87
88 182 98
88 185 77
88 347 2
88 255 83
88 160 79
89 332 14
89 166 41
89 487 88
89 242 56
89 285 80
89 216 48
89 205 82
89 335 1
89 312 72
89 409 93
89 314 24
89 251 97
89 316 88
89 317 41
89 103 3
89 383 12
89 390 85
90 162 75
90 259 48
90 484 89
90 453 66
90 231 77
90 290 37
90 104 55
90 110 65
90 354 2
90 497 37
90 498 74
90 450 38
90 404 97
90 437 51
90 470 25
90 380 28
90 286 41
90 352 75
91 177 21
91 250 67
91 396 38
91 476 87
92 145 69
92 370 86
92 451 46
92 229 88
92 150 56
92 178 56
92 336 74
93 385 64
93 323 81
93 278 59
93 236 1
93 142 61
93 158 41
94 146 64
94 147 10
94 340 41
94 309 35
94 106 35
94 115 25
94 253 30
94 206 46
95 410 43
95 131 37
95 101 96
95 486 13
95 488 81
95 472 94
95 116 50
95 245 96
95 442 45
95 421 79
95 346 99
96 130 99
96 388 96
96 301 73
96 334 6
96 452 27
96 416 39
97 482 55
97 490 41
97 469 14
97 343 18
97 472 60
97 297 7
97 245 8
97 318 90
97 175 39
98 193 47
98 292 50
98 361 22
98 109 11
98 462 84
98 398 99
98 149 16
98 127 88
98 183 54
98 474 11
98 368 25
99 354 16
99 227 54
99 228 66
99 231 99
99 443 12
99 110 75
99 211 61
99 118 2
99 414 18
99 240 58
99 217 95
99 155 68
99 470 85
100 321 40
100 226 68
100 172 93
100 485 87
100 364 79
100 302 63
100 465 92
100 213 67
100 411 42
100 348 56
100 224 24
101 131 25
101 421 85
101 486 28
101 488 66
101 297 82
101 490 71
101 472 22
101 116 8
101 245 68
101 442 17
101 410 85
101 346 52
102 417 60
102 467 19
102 310 60
102 215 40
102 431 72
102 393 86
102 235 79
102 363 39
102 159 100
102 326 61
103 390 81
103 137 5
103 332 39
103 205 79
103 335 92
103 144 24
103 401 19
103 409 75
103 285 95
103 481 76
103 487 92
103 242 32
103 436 79
103 312 47
103 314 44
103 251 9
103 444 73
103 317 89
104 449 1
104 162 91
104 484 41
104 453 83
104 450 77
104 329 89
104 497 76
104 498 67
104 404 14
104 437 30
104 184 39
104 190 64
104 288 70
105 390 80
105 487 11
105 237 78
105 492 6
105 365 20
105 246 42
105 282 24
105 409 27
105 251 61
105 315 30
105 285 64
105 491 59
105 383 72
106 161 81
106 257 87
106 115 32
106 340 49
106 309 36
106 261 30
106 206 83
107 209 12
107 418 73
107 387 34
107 468 100
107 165 83
107 441 82
107 258 64
107 121 92
107 496 34
107 448 25
108 364 82
108 197 12
108 134 11
108 138 64
108 426 17
108 171 24
108 172 65
109 292 80
109 392 18
109 462 66
109 368 51
109 164 82
109 149 84
109 183 70
109 398 48
109 474 87
109 127 25
110 354 86
110 259 68
110 484 78
110 231 65
110 450 22
110 290 65
110 498 98
110 437 31
110 286 14
110 352 7
111 281 88
111 202 45
111 339 10
111 293 73
112 187 91
112 494 8
112 446 59
113 481 72
113 129 94
113 325 70
113 444 5
113 381 46
113 270 31
114 451 47
114 422 31
114 424 51
114 141 72
114 429 66
114 249 56
114 182 28
114 185 61
114 347 98
114 478 7
114 255 69
114 160 19
115 193 36
115 257 16
115 261 58
115 161 39
115 206 33
115 146 78
115 179 100
115 340 7
115 309 47
115 350 60
116 131 72
116 346 93
116 472 70
116 488 67
116 297 51
116 490 79
116 421 78
116 245 62
116 442 27
116 410 96
116 486 30
117 226 13
117 196 13
117 300 16
117 430 88
117 465 81
117 274 70
117 500 31
117 362 54
117 473 40
117 191 71
118 227 90
118 228 84
118 222 70
118 234 70
118 414 44
118 377 86
118 211 59
118 356 100
118 394 55
118 217 20
118 268 99
118 155 40
118 240 60
118 443 38
119 369 64
119 403 83
119 325 93
119 358 3
119 248 88
119 458 69
119 213 6
119 302 57
119 351 4
120 300 65
120 196 11
120 265 55
120 170 36
120 427 8
120 433 66
120 274 100
120 243 49
120 500 64
120 372 95
120 154 44
120 188 75
121 209 87
121 418 8
121 165 17
121 135 16
121 376 84
121 441 47
122 385 86
122 291 28
122 389 82
122 395 86
122 461 85
122 323 14
122 142 85
122 344 6
122 475 66
122 125 11
122 158 58
123 275 65
123 133 68
123 280 77
123 201 31
123 362 81
123 203 24
123 464 10
123 173 12
123 191 68
123 262 65
124 426 96
124 344 15
124 197 96
124 138 59
124 171 93
124 152 77
124 269 14
124 238 63
124 378 69
124 475 57
124 395 99
125 291 34
125 389 91
125 395 62
125 494 34
125 382 34
125 311 88
125 344 68
125 475 54
125 304 16
125 221 20
125 479 29
125 378 11
126 140 68
126 278 50
126 279 7
126 163 73
126 139 14
126 156 12
126 174 58
126 447 1
126 419 17
127 434 30
127 483 43
127 400 89
127 183 63
127 220 59
127 398 90
127 128 52
128 178 54
128 229 96
128 400 39
128 220 27
128 192 74
129 481 27
129 353 15
129 325 95
129 248 96
129 444 41
129 381 3
129 270 21
129 351 67
130 388 93
130 416 22
130 230 38
130 440 53
130 480 81
130 334 36
130 495 31
131 486 95
131 488 10
131 276 73
131 490 67
131 472 97
131 297 5
131 245 45
131 442 21
131 421 61
131 410 19
131 346 98
132 162 8
132 228 70
132 422 89
132 380 87
132 240 57
132 429 20
132 478 15
132 497 19
132 181 66
132 470 30
132 249 51
132 414 64
132 283 51
132 443 13
133 418 81
133 201 27
133 203 79
133 173 37
133 430 31
133 496 9
133 275 55
133 468 8
133 280 4
133 473 75
133 191 50
133 448 47
134 172 82
134 197 75
134 169 64
134 426 98
134 364 96
134 226 88
134 224 5
135 209 79
135 434 45
135 441 85
135 165 93
135 392 91
135 376 49
136 438 66
136 299 22
136 271 97
136 210 46
136 148 48
136 406 51
136 407 82
136 345 71
136 282 69
136 320 49
136 415 28
136 374 76
137 353 64
137 332 24
137 487 25
137 205 100
137 239 65
137 401 15
137 242 89
137 373 36
137 251 92
137 444 47
137 381 42
137 384 5
138 152 57
138 197 3
138 426 37
138 171 26
138 269 83
138 238 62
139 169 69
139 140 98
139 163 8
139 419 46
139 174 21
139 213 44
139 447 16
139 279 54
139 156 55
139 445 13
139 460 92
140 279 12
140 163 47
140 169 28
140 475 42
140 156 72
140 447 62
140 174 75
141 182 81
141 424 3
141 185 43
141 347 17
141 160 53
141 478 73
141 255 35
141 422 42
142 385 38
142 163 46
142 389 88
142 236 33
142 461 97
142 291 25
142 158 14
142 278 13
142 323 77
143 230 13
143 295 84
143 265 43
143 267 34
143 493 82
143 372 73
143 416 34
143 254 84
143 480 42
144 166 45
144 168 32
144 216 53
144 335 58
144 436 47
144 375 38
144 312 10
144 314 28
144 317 34
145 360 77
145 329 53
145 204 21
145 333 35
145 432 32
145 337 15
145 370 34
145 150 59
145 151 24
145 336 83
145 157 36
146 147 16
146 340 32
146 309 65
146 425 82
146 218 36
146 253 68
147 420 5
147 250 46
147 253 87
148 246 66
148 357 95
148 167 72
148 299 35
148 463 28
148 306 84
148 371 64
148 438 32
148 407 49
148 282 26
148 345 27
148 316 82
148 271 49
148 415 54
148 320 54
149 292 38
149 295 46
149 392 23
149 462 5
149 368 74
149 164 95
149 183 98
149 376 30
149 398 61
149 474 69
149 254 31
150 370 76
150 451 44
150 204 21
150 229 31
150 151 94
150 178 97
150 347 45
150 333 85
150 160 11
151 451 38
151 360 30
151 329 2
151 204 84
151 333 58
151 370 75
151 157 69
152 197 44
152 263 27
152 298 81
152 171 91
152 269 97
152 238 60
152 382 31
152 311 56
152 378 1
152 479 25
153 161 92
153 179 47
153 261 14
153 296 80
153 266 85
153 428 13
153 206 1
153 303 65
153 192 90
154 300 4
154 265 97
154 170 39
154 267 4
154 433 75
154 243 60
154 500 69
154 372 23
154 188 75
154 427 56
155 354 84
155 227 25
155 217 83
155 211 38
155 256 59
156 419 75
156 302 60
156 174 82
156 213 55
156 447 72
156 279 88
156 445 21
156 460 28
157 360 44
157 329 75
157 204 9
157 333 10
157 336 68
157 370 32
157 432 3
157 184 94
157 412 93
157 337 10
158 385 48
158 323 65
158 389 31
158 395 59
158 236 82
158 461 71
158 163 55
158 278 89
158 344 41
158 291 30
158 475 39
159 417 69
159 467 61
159 326 39
159 215 16
159 393 11
159 235 22
159 363 52
159 431 59
159 310 64
160 451 9
160 422 57
160 424 20
160 185 44
160 347 27
160 478 79
160 255 3
160 182 69
161 257 58
161 261 20
161 428 96
161 206 86
161 179 22
161 340 39
161 266 99
161 309 38
161 350 43
161 192 21
162 450 18
162 484 100
162 453 100
162 231 92
162 329 82
162 497 84
162 181 20
162 470 44
162 249 53
162 380 93
163 385 75
163 323 43
163 389 97
163 174 95
163 278 20
163 279 43
163 475 1
163 395 69
163 447 88
164 292 6
164 295 92
164 392 74
164 170 94
164 267 4
164 398 2
164 368 61
164 372 86
164 376 66
164 474 6
164 254 32
165 209 89
165 441 19
165 418 57
165 376 65
166 409 45
166 316 57
166 167 2
166 168 99
166 459 68
166 216 14
166 335 94
166 242 9
166 436 37
166 463 60
166 375 94
166 312 41
166 314 4
166 252 54
166 317 70
167 316 30
167 357 48
167 463 51
167 306 81
167 371 76
167 438 1
167 282 8
167 252 97
168 436 24
168 375 80
168 216 81
168 314 93
168 459 92
168 317 69
168 335 83
169 213 35
169 279 87
169 426 6
169 172 65
169 447 61
169 224 2
170 376 26
170 243 52
170 372 22
170 267 61
170 188 35
171 197 98
171 426 68
171 238 3
171 366 29
172 197 79
172 426 11
172 364 98
172 224 18
173 262 12
173 391 51
173 201 84
173 362 89
173 203 34
173 464 96
173 275 10
173 405 34
173 280 53
173 191 45
174 419 100
174 213 81
174 447 74
174 279 59
174 445 59
174 460 19
175 338 94
175 482 81
175 359 7
175 456 8
175 490 51
176 334 14
177 250 21
177 476 75
177 396 57
178 370 84
178 336 13
178 229 5
179 257 50
179 261 18
179 266 36
179 428 2
179 206 36
179 340 9
179 350 35
179 192 99
180 189 56
180 270 89
180 223 28
180 208 85
181 422 32
181 380 14
181 429 67
181 240 52
181 283 48
181 228 16
181 470 80
181 249 41
181 478 44
181 414 99
181 443 73
182 451 80
182 424 16
182 185 39
182 347 14
182 255 19
183 193 81
183 292 81
183 361 10
183 398 83
183 474 1
183 462 21
183 368 36
184 449 51
184 204 1
184 360 16
184 329 51
184 333 43
184 432 99
184 337 37
184 412 12
184 190 93
184 288 46
185 258 97
185 424 77
185 422 26
185 347 54
185 478 29
185 255 41
186 194 74
186 195 54
186 294 35
186 391 62
186 464 56
186 405 11
186 349 60
187 494 2
187 446 71
188 243 9
188 372 60
188 473 31
188 267 10
188 376 89
188 430 6
188 500 27
189 270 63
189 223 49
189 208 90
190 337 50
190 449 100
190 404 55
190 288 33
190 412 10
190 484 25
191 201 55
191 275 64
191 262 71
191 280 85
191 473 65
191 430 41
191 362 37
192 257 83
192 266 62
192 350 98
193 257 94
193 361 43
193 462 54
193 340 5
193 309 85
193 218 16
193 350 40
194 391 76
194 367 37
194 401 85
194 466 37
194 373 38
194 239 54
194 207 34
194 349 64
194 384 27
195 241 96
195 294 86
195 442 36
195 233 5
195 488 27
195 342 95
196 274 64
196 500 73
196 473 36
196 300 80
196 427 70
196 226 24
196 430 16
197 426 62
197 269 32
197 238 57
197 395 77
198 454 73
198 247 30
198 200 71
199 327 32
199 359 28
199 455 11
199 408 87
199 284 18
199 319 52
200 454 30
201 262 64
201 362 82
201 203 70
201 275 45
201 468 23
201 280 79
201 448 69
202 281 46
202 339 11
202 293 26
203 262 47
203 391 64
203 362 99
203 464 79
203 275 89
203 405 32
203 280 45
203 448 62
204 337 67
204 360 49
204 329 1
204 333 67
204 336 17
204 370 40
204 432 38
205 487 93
205 491 93
205 332 78
205 239 30
205 401 31
205 242 54
205 251 87
205 444 62
205 384 62
206 257 18
206 261 88
206 428 87
206 303 83
206 340 5
206 266 62
207 353 70
207 325 61
207 358 55
207 458 38
207 367 1
207 369 49
207 466 86
207 403 3
207 373 75
207 248 38
207 349 27
207 384 12
208 223 44
208 270 92
208 399 51
209 483 56
209 434 74
209 457 81
209 441 17
209 220 43
210 293 47
210 406 21
210 438 43
210 299 65
210 271 99
210 345 19
210 374 33
210 407 89
210 281 8
210 415 23
210 320 80
211 354 61
211 423 58
211 217 58
211 256 64
212 241 79
212 488 74
212 477 70
212 273 77
212 402 77
212 308 98
212 342 97
212 410 78
212 442 17
212 413 29
212 287 55
213 321 54
213 485 20
213 302 90
213 348 87
213 447 18
213 224 27
214 230 19
214 265 88
214 427 75
214 493 6
214 366 64
214 495 26
214 433 35
214 243 72
214 440 63
214 379 98
214 480 57
215 467 42
215 310 8
215 363 73
215 235 88
215 431 22
215 326 45
216 316 28
216 459 68
216 335 4
216 436 45
216 375 14
216 312 85
216 314 90
216 252 37
216 317 27
217 423 7
217 234 99
217 268 23
217 227 31
217 394 15
217 222 100
217 256 23
218 425 55
218 361 51
218 309 61
218 462 61
219 499 6
219 356 38
219 232 51
219 377 44
219 234 29
219 268 56
219 287 48
220 483 62
220 392 80
220 457 99
220 400 21
220 434 76
220 398 78
221 435 69
221 311 26
221 378 30
221 382 95
221 479 23
221 304 49
222 225 35
222 394 87
222 260 87
222 327 94
222 423 46
222 234 42
222 268 40
222 499 78
222 408 39
222 256 81
223 419 63
223 460 22
223 445 36
223 355 68
224 321 20
224 226 5
224 485 29
224 364 11
224 302 69
224 465 80
224 411 3
224 348 77
225 499 98
225 260 15
225 234 95
225 394 29
225 268 94
225 477 60
225 287 92
226 427 74
226 300 15
226 500 24
226 465 23
226 274 63
226 411 61
226 364 84
227 354 48
227 228 29
227 234 40
227 414 36
227 356 69
227 470 20
227 394 75
227 240 67
227 443 33
228 354 39
228 231 65
228 240 51
228 356 11
228 470 22
228 443 61
228 380 37
228 414 22
229 370 14
229 451 5
229 400 73
230 265 67
230 493 76
230 495 96
230 243 48
230 440 29
230 379 44
230 480 11
230 416 14
231 498 41
231 290 22
231 259 52
231 484 51
231 453 53
231 354 81
231 240 53
231 497 19
231 450 58
231 437 39
231 470 31
231 380 5
231 286 78
231 352 26
232 402 94
232 499 49
232 328 25
232 377 28
232 413 12
232 287 74
232 272 81
233 241 94
233 386 23
233 307 36
233 308 49
233 413 21
233 272 47
233 342 88
234 356 76
234 394 92
234 268 72
234 499 18
234 377 92
234 414 43
235 417 94
235 467 95
235 310 32
235 431 11
235 393 89
235 363 80
235 326 58
236 385 21
236 323 73
236 389 96
236 278 13
236 461 48
237 492 90
237 421 13
237 264 97
237 365 63
237 331 81
237 397 44
237 246 3
237 315 37
238 298 78
238 263 38
239 401 19
239 332 100
239 487 5
239 491 93
239 349 24
239 373 89
240 354 80
240 356 51
240 470 5
240 380 24
240 443 16
240 414 96
241 442 9
241 294 91
241 488 63
241 410 21
241 308 54
241 342 100
242 390 97
242 487 47
242 317 89
242 332 46
242 335 39
242 409 55
242 312 9
242 314 79
242 251 26
242 316 89
242 285 99
242 383 29
243 265 19
243 267 61
243 372 2
243 493 97
243 433 42
243 500 54
243 379 4
243 427 62
244 289 61
244 305 68
244 454 11
244 247 6
245 410 2
245 486 24
245 482 80
245 456 84
245 297 58
245 490 32
245 472 37
245 346 44
246 383 42
246 357 56
246 299 42
246 365 16
246 271 22
246 438 36
246 345 44
246 282 3
246 415 33
247 277 99
247 454 79
247 439 68
247 330 85
248 353 37
248 325 82
248 358 5
248 458 87
248 367 14
248 369 88
248 466 60
248 403 94
248 481 17
248 444 47
248 381 58
248 351 58
248 384 62
249 422 32
249 429 58
249 497 60
249 470 81
249 380 47
249 478 10
250 476 19
250 396 21
251 409 16
251 487 47
251 491 85
251 332 63
251 365 91
251 335 14
251 401 79
251 285 86
251 312 79
251 317 18
251 383 66
251 390 82
252 306 49
252 371 52
252 314 19
252 459 23
252 316 1
252 463 74
253 420 92
253 425 79
254 295 14
254 292 79
254 267 35
254 372 58
254 474 72
255 258 35
255 387 94
255 424 74
255 347 48
256 489 81
256 327 81
256 455 28
256 423 34
256 408 79
256 394 75
256 284 29
257 361 3
257 340 95
257 309 30
257 266 73
257 350 95
258 387 43
258 468 36
258 496 75
259 354 76
259 484 93
259 290 56
259 305 29
259 498 28
259 437 95
259 313 90
259 286 7
259 352 65
260 327 73
260 423 93
260 408 65
260 359 50
260 268 88
261 266 45
261 428 63
261 303 70
261 340 8
262 391 84
262 362 50
262 464 14
262 275 37
262 405 93
262 280 58
263 298 41
263 382 47
264 276 4
264 293 49
264 271 66
264 415 26
264 346 66
264 421 61
264 331 64
265 267 20
265 493 97
265 433 38
265 372 50
265 480 52
266 428 41
266 350 44
267 295 24
267 493 84
267 372 94
268 423 43
268 499 46
268 394 7
268 377 36
269 291 48
269 426 77
269 395 51
269 344 67
269 378 13
269 475 47
269 479 57
270 481 47
270 399 67
271 293 20
271 299 48
271 438 33
271 407 36
271 345 82
271 282 90
271 415 98
271 320 68
272 402 76
272 308 31
272 342 68
272 471 81
272 413 75
272 307 10
273 402 28
273 456 18
273 308 40
273 413 83
273 477 85
273 287 85
274 433 5
274 427 9
274 300 45
274 430 45
274 500 77
275 280 2
275 362 81
275 448 40
276 421 61
276 346 100
276 331 3
277 330 17
277 439 4
278 385 64
278 323 33
279 460 20
279 419 55
279 445 39
279 447 97
280 362 16
280 464 97
280 405 85
280 448 14
281 339 87
281 293 13
281 406 91
281 415 92
281 374 18
282 383 54
282 357 32
282 299 27
282 345 55
282 415 57
282 438 49
283 356 57
283 328 81
283 443 16
283 414 57
283 478 6
284 423 87
284 455 99
284 327 44
284 408 81
284 319 32
285 487 6
285 332 51
285 365 65
285 335 2
285 312 72
285 409 70
285 316 47
285 317 1
285 383 90
285 390 34
286 354 52
286 484 45
286 290 11
286 498 67
286 437 44
286 313 92
286 352 18
287 413 43
287 402 97
287 499 34
287 477 29
288 449 25
288 450 34
288 404 65
288 453 10
288 498 65
288 484 13
289 313 73
289 305 47
290 450 33
290 484 77
290 498 14
290 354 30
290 404 40
290 437 19
290 313 53
290 352 41
291 323 61
291 389 9
291 461 76
291 395 30
291 494 66
291 304 42
291 311 28
291 344 64
291 475 63
291 479 99
291 378 29
292 295 50
292 462 49
292 368 54
292 398 3
292 474 71
293 339 6
293 374 72
293 407 98
293 415 100
293 406 67
294 442 49
294 315 36
294 492 39
295 368 30
295 372 70
295 474 47
296 428 25
296 303 58
297 482 19
297 486 31
297 490 93
297 343 76
297 472 20
297 469 24
297 318 67
298 435 12
298 382 43
299 357 31
299 306 22
299 438 68
299 407 80
299 345 73
299 415 50
299 320 83
300 427 60
300 430 70
300 433 10
300 500 64
300 473 38
301 452 85
301 388 50
302 321 7
302 369 68
302 358 91
302 458 11
302 485 18
302 348 95
303 428 77
304 435 82
304 382 79
304 311 91
304 344 6
304 494 65
304 479 33
304 378 63
305 313 46
306 357 79
306 467 97
306 463 56
306 371 53
306 438 95
306 431 54
307 386 46
307 471 86
308 402 35
308 342 96
308 413 64
309 361 5
309 350 50
309 340 55
310 417 86
310 467 37
310 431 78
310 393 60
310 363 12
310 326 27
311 494 34
311 435 16
311 378 40
311 382 64
311 479 66
312 487 100
312 317 76
312 332 43
312 335 83
312 436 57
312 409 43
312 314 12
312 390 67
313 330 36
313 352 93
314 409 97
314 459 69
314 335 39
314 436 25
314 375 81
314 316 75
314 317 52
315 331 58
315 492 55
315 397 66
315 491 30
315 365 17
316 357 83
316 463 100
316 409 32
316 383 45
316 390 87
317 409 84
317 390 43
317 332 56
317 335 43
317 436 90
317 375 5
318 469 69
318 343 12
318 472 5
318 490 8
319 327 54
319 455 80
319 408 70
320 374 50
320 438 50
320 407 11
320 345 18
320 415 43
320 406 90
321 465 10
321 369 88
321 411 60
321 348 66
321 485 56
322 425 30
322 341 79
323 385 56
323 389 19
323 461 14
323 475 36
324 425 87
324 420 71
325 353 76
325 481 79
325 358 12
325 458 100
325 466 51
325 403 54
325 367 75
325 444 94
325 381 38
325 351 25
325 384 93
326 417 76
326 467 74
326 431 17
326 393 50
326 363 21
327 423 54
327 455 62
327 408 21
329 360 83
329 333 75
329 337 32
329 497 65
330 439 25
330 489 91
331 492 86
331 421 23
331 397 56
331 346 41
332 390 58
332 487 70
332 401 57
332 409 31
332 444 29
333 337 92
333 360 32
333 432 44
333 370 92
333 336 56
334 388 67
334 495 76
335 409 51
335 436 70
335 375 98
335 390 51
336 370 87
336 432 12
337 449 41
337 360 50
337 432 82
337 412 36
340 361 43
340 350 4
342 402 35
342 413 26
343 469 7
343 472 67
343 490 45
344 389 45
344 461 82
344 395 6
344 378 72
344 475 91
344 479 31
345 374 86
345 357 50
345 407 26
345 415 7
345 438 44
346 410 44
346 442 66
346 421 28
346 486 13
346 488 41
346 397 19
346 472 1
347 451 47
347 422 89
347 424 95
347 478 3
348 369 89
348 403 61
348 485 15
348 465 5
348 411 35
349 391 28
349 405 61
349 464 71
349 466 14
349 367 20
349 373 45
350 361 50
351 353 92
351 358 6
351 458 51
352 484 28
352 354 9
352 498 71
352 450 13
352 404 45
352 437 71
353 481 11
353 358 55
353 458 78
353 466 87
353 403 34
353 373 73
353 367 61
353 444 38
353 381 16
353 384 87
355 419 53
355 460 94
355 445 64
356 394 76
356 377 50
356 414 67
356 443 90
357 463 11
357 371 43
357 438 85
358 458 91
358 367 82
358 369 75
358 466 94
358 403 71
358 384 2
359 408 70
360 370 96
361 462 61
362 391 34
363 417 41
363 467 59
363 393 55
363 431 62
364 426 58
364 465 43
364 411 84
365 491 58
365 390 34
365 487 97
365 492 73
365 409 87
365 383 2
366 440 79
366 379 50
366 495 10
367 458 80
367 369 84
367 466 18
367 403 4
367 373 21
367 384 43
368 392 23
368 462 48
368 398 41
368 474 6
369 485 16
369 458 92
369 466 27
369 403 6
370 451 59
370 432 26
371 467 17
371 431 34
371 463 62
371 438 58
372 493 35
373 401 91
373 466 41
373 403 48
373 384 87
374 406 7
374 407 26
375 436 11
375 459 88
376 441 81
376 392 98
376 434 8
377 394 88
377 499 16
377 414 33
378 435 59
378 479 42
378 382 62
378 395 7
379 433 84
379 440 46
379 427 30
380 453 91
380 450 36
380 429 18
380 497 79
380 470 27
380 443 66
381 481 96
381 444 94
381 384 79
382 435 51
382 479 67
383 390 22
383 487 97
383 409 54
384 466 60
384 458 12
384 401 81
384 403 34
384 444 35
385 389 72
385 461 60
386 471 32
387 418 61
387 468 42
387 496 61
388 452 29
388 416 61
388 480 22
389 395 7
389 461 66
389 475 87
390 409 43
390 487 96
391 464 70
391 405 85
392 483 93
392 398 85
392 434 97
392 441 49
393 417 10
393 467 51
394 423 91
394 499 90
394 414 55
395 475 82
395 479 55
396 476 100
397 421 1
397 442 38
397 492 44
398 483 77
398 434 37
398 474 64
398 462 96
400 483 53
400 457 53
401 487 12
401 491 3
401 444 27
402 477 14
402 413 95
403 458 30
403 466 4
404 449 32
404 484 74
404 453 94
404 498 40
404 450 68
404 437 45
405 464 20
406 407 92
407 415 57
407 438 42
408 423 55
408 455 39
409 487 51
410 486 50
410 488 25
410 442 89
411 465 95
411 485 94
412 449 59
412 432 35
414 443 23
414 470 52
415 438 12
416 452 53
416 493 62
416 480 81
417 467 27
418 468 23
418 441 6
418 496 92
418 448 85
419 460 69
419 447 37
419 445 6
420 425 47
421 472 75
422 424 85
422 429 81
422 478 80
423 455 6
424 478 74
427 500 70
427 433 81
429 478 33
430 500 37
430 473 14
431 467 99
433 500 69
434 483 29
434 457 66
434 441 61
435 479 39
436 459 81
437 484 27
437 453 79
437 498 87
437 450 47
439 489 27
440 495 28
440 480 10
442 488 21
443 470 10
444 481 13
445 460 14
445 447 91
446 494 66
447 460 10
448 468 89
448 496 95
449 484 93
450 484 77
450 453 12
450 497 90
450 498 81
450 470 97
453 498 32
453 484 5
453 497 87
453 470 68
456 482 87
456 486 22
456 490 10
456 477 30
457 483 26
458 466 50
461 475 22
462 474 11
465 485 84
468 496 44
469 472 63
469 490 29
470 497 10
472 486 81
472 490 40
473 500 63
477 499 90
479 494 44
480 493 59
480 495 52
482 486 49
482 490 65
484 497 81
484 498 98
486 490 1
487 491 58
491 492 55
493 495 43
10
1
1
1 2
1 2 3 4
1 2 3 4 5 6 7 8
1 2 3 4 5 6 7 8 9 10 11 12 13 14 15 16
1 2 3 4 5 6 7 8 9 10 11 12 13 14 15 16 17 18 19 20 21 22 23 24 25 26 27 28 29 30 31 32
1 2 3 4 5 6 7 8 9 10 11 12 13 14 15 16 17 18 19 20 21 22 23 24 25 26 27 28 29 30 31 32 33 34 35 36 37 38 39 40 41 42 43 44 45 46 47 48 49 50 51 52 53 54 55 56 57 58 59 60 61 62 63
1 2 3 4 5 6 7 8 9 10 11 12 13 14 15 16 17 18 19 20 21 22 23 24 25 26 27 28 29 30 31 32 33 34 35 36 37 38 39 40 41 42 43 44 45 46 47 48 49 50 51 52 53 54 55 56 57 58 59 60 61 62 63 64 65 66 67 68 69 70 71 72 73 74 75 76 77 78 79 80 81 82 83 84 85 86 87 88 89 90 91 92 93 94 95 96 97 98 99 100 101 102 103 104 105 106 107 108 109 110 111 112 113 114 115 116 117 118 119 120 121 122 123 124 125
1 2 3 4 5 6 7 8 9 10 11 12 13 14 15 16 17 18 19 20 21 22 23 24 25 26 27 28 29 30 31 32 33 34 35 36 37 38 39 40 41 42 43 44 45 46 47 48 49 50 51 52 53 54 55 56 57 58 59 60 61 62 63 64 65 66 67 68 69 70 71 72 73 74 75 76 77 78 79 80 81 82 83 84 85 86 87 88 89 90 91 92 93 94 95 96 97 98 99 100 101 102 103 104 105 106 107 108 109 110 111 112 113 114 115 116 117 118 119 120 121 122 123 124 125 126 127 128 129 130 131 132 133 134 135 136 137 138 139 140 141 142 143 144 145 146 147 148 149 150 151 152 153 154 155 156 157 158 159 160 161 162 163 164 165 166 167 168 169 170 171 172 173 174 175 176 177 178 179 180 181 182 183 184 185 186 187 188 189 190 191 192 193 194 195 196 197 198 199 200 201 202 203 204 205 206 207 208 209 210 211 212 213 214 215 216 217 218 219 220 221 222 223 224 225 226 227 228 229 230 231 232 233 234 235 236 237 238 239 240 241 242 243 244 245 246 247 248 249 250
