1544
1 235 31
1 292 56
1 83 95
1 23 31
1 7 20
2 67 75
2 168 13
2 9 93
2 173 95
2 177 16
2 105 45
2 115 42
2 149 57
2 214 33
2 277 15
2 158 11
2 223 40
3 257 43
3 195 58
3 298 36
3 140 92
3 174 69
3 208 87
3 178 57
3 243 27
3 85 49
3 159 53
3 247 48
3 187 75
3 127 14
4 129 70
4 133 58
4 295 30
4 114 72
4 237 49
4 15 6
4 222 25
4 49 60
4 18 80
4 239 18
4 217 2
4 122 92
4 285 89
4 126 38
4 191 32
5 34 59
5 108 75
5 167 76
5 300 29
5 77 89
5 240 41
5 179 74
5 84 2
5 181 67
5 278 12
5 154 94
5 94 46
5 54 47
6 131 33
6 148 71
6 231 32
6 151 70
6 280 100
6 120 66
6 75 60
6 252 14
6 238 25
6 288 20
7 261 33
7 39 30
7 200 15
7 57 88
7 43 97
7 235 10
8 162 41
8 226 55
8 201 31
8 236 21
8 13 87
8 145 73
8 153 100
8 211 21
8 52 19
8 182 14
8 183 25
8 249 68
8 27 65
8 104 91
8 127 13
9 115 100
9 149 3
9 214 42
9 277 60
9 168 18
9 165 18
9 219 77
9 158 31
9 79 89
9 118 95
10 50 19
10 227 19
10 276 50
10 21 27
10 86 66
10 260 23
10 155 72
10 300 76
10 259 71
10 246 30
11 130 15
11 55 77
11 263 43
11 137 83
11 171 38
11 48 51
11 274 79
11 117 22
11 279 10
11 272 16
11 189 56
11 233 80
11 63 27
11 96 27
12 114 94
12 133 92
12 186 82
12 18 34
12 234 37
12 285 13
12 191 41
13 226 76
13 199 68
13 103 48
13 162 54
13 201 48
13 145 17
13 236 42
13 71 4
13 17 23
13 249 70
13 211 8
13 182 23
13 183 14
13 153 61
13 26 55
13 157 47
13 62 57
13 128 12
14 273 95
14 193 61
14 116 84
14 197 91
14 95 50
14 242 79
14 91 71
14 156 26
14 287 92
14 198 13
15 290 6
15 134 57
15 234 87
15 209 44
15 110 77
15 49 8
15 164 10
15 186 79
15 285 52
15 30 18
15 191 11
16 101 16
16 70 1
16 264 56
16 267 82
16 40 49
16 175 91
16 112 67
16 82 39
16 180 33
16 22 34
16 88 21
16 192 30
16 32 30
17 65 48
17 165 48
17 103 71
17 199 60
17 236 67
17 71 15
17 245 27
17 118 84
17 185 69
17 26 80
17 219 79
17 157 76
17 62 15
18 133 3
18 295 69
18 237 63
18 239 95
18 222 100
18 114 74
18 186 58
18 217 57
18 122 39
18 126 22
19 298 17
19 195 36
19 174 43
19 144 60
20 147 89
20 239 7
20 295 42
20 232 96
20 89 11
20 170 25
20 172 56
20 237 20
20 111 79
21 259 35
21 35 59
21 276 96
21 86 76
21 155 24
21 260 23
21 294 22
21 300 58
21 227 26
21 246 64
22 82 59
22 36 6
22 101 3
22 70 27
22 40 13
22 58 86
22 93 49
23 292 72
23 59 27
23 76 79
23 235 8
24 161 73
24 225 50
24 67 46
24 132 11
24 53 84
24 44 53
24 106 58
24 268 19
24 64 59
25 294 33
25 39 14
25 59 15
25 109 78
25 119 41
25 255 79
26 199 17
26 226 55
26 71 20
26 103 58
26 201 33
26 157 75
26 236 42
26 118 87
26 182 9
26 62 43
26 128 4
27 226 44
27 131 18
27 104 69
27 145 91
27 211 14
27 148 49
27 151 89
27 280 50
27 288 22
27 254 65
27 256 94
28 97 86
28 244 99
28 29 80
28 176 51
28 80 69
29 97 3
29 244 46
29 121 47
29 203 30
29 80 55
30 290 57
30 164 81
30 134 73
30 264 72
30 234 81
30 47 93
30 209 33
30 110 57
30 112 73
30 49 84
30 180 50
30 175 50
30 88 5
30 285 18
30 191 15
30 192 95
31 130 54
31 37 98
31 263 29
31 55 54
31 218 25
31 233 80
31 42 33
31 251 46
32 82 30
32 143 69
32 207 9
32 88 20
32 41 17
32 264 93
32 47 21
32 192 97
33 194 46
33 212 22
33 38 25
33 146 73
33 61 88
33 78 57
33 270 19
34 259 80
34 220 12
34 181 31
34 54 85
34 167 23
34 179 64
34 108 85
34 77 9
34 291 53
34 240 14
35 227 48
35 260 41
35 229 98
35 294 70
35 169 69
35 275 34
35 276 70
35 246 90
35 155 58
35 224 54
35 86 63
36 90 54
36 82 82
36 58 78
37 163 30
37 263 89
37 55 25
37 218 16
37 42 27
37 299 96
37 251 39
38 146 33
38 212 86
38 270 42
38 194 55
38 61 35
38 78 94
38 176 16
39 51 39
39 135 29
39 119 8
39 200 41
39 266 82
39 43 54
39 109 79
39 255 79
39 224 49
40 66 90
40 101 52
40 70 5
40 82 65
40 258 4
40 267 65
40 93 65
40 112 88
41 204 54
41 207 22
41 143 13
41 152 96
42 163 8
42 55 73
42 263 73
42 218 63
42 299 59
42 251 40
43 193 39
43 51 64
43 119 59
43 200 97
43 57 20
43 266 85
43 224 51
43 255 53
43 198 24
44 225 86
44 147 73
44 132 90
44 172 67
44 268 1
44 232 63
44 237 54
44 111 21
44 64 78
45 257 36
45 243 82
45 148 79
45 85 4
45 127 40
45 131 22
45 296 3
45 187 90
45 140 59
45 254 74
45 159 54
46 197 84
46 102 46
46 265 11
46 74 83
46 286 68
46 150 20
46 56 11
46 281 99
46 250 48
46 123 79
46 91 22
46 95 15
47 264 23
47 290 96
47 164 100
47 134 62
47 88 99
47 180 46
47 192 58
47 110 22
48 130 23
48 117 9
48 274 59
48 233 54
48 189 85
48 272 26
49 129 69
49 225 54
49 191 22
49 122 3
49 285 43
49 209 16
49 222 44
50 113 95
50 84 5
50 300 53
50 184 78
51 193 29
51 98 36
51 135 75
51 202 54
51 242 77
51 213 24
51 215 23
51 266 55
51 139 40
51 224 12
52 257 3
52 162 5
52 183 34
52 74 88
52 140 81
52 243 18
52 286 94
52 178 6
52 211 81
52 85 30
52 247 73
52 153 77
52 208 87
52 249 86
52 127 28
53 129 18
53 225 45
53 67 57
53 161 25
53 106 85
53 268 45
53 105 43
54 100 18
54 167 9
54 72 61
54 81 93
54 108 42
54 77 23
54 240 47
54 241 17
54 179 84
54 181 59
54 154 55
55 130 4
55 263 13
55 233 86
55 218 76
55 251 87
56 193 93
56 98 82
56 69 28
56 102 7
56 125 9
56 139 53
56 242 85
56 213 30
56 150 17
56 197 16
56 123 80
56 221 35
56 91 4
57 273 87
57 198 98
57 200 59
57 121 77
57 266 8
57 156 91
57 203 64
58 82 59
58 90 37
59 292 10
59 86 26
59 119 1
59 109 9
60 158 79
60 166 84
60 275 31
60 229 4
60 135 33
60 215 29
60 168 66
60 190 73
60 142 55
61 146 10
61 212 48
62 226 47
62 182 54
62 103 60
62 199 87
62 201 88
62 236 31
62 71 43
62 118 32
62 185 46
62 157 95
62 128 14
63 130 15
63 196 88
63 233 79
63 171 94
63 238 74
63 272 1
63 274 41
63 117 80
63 107 88
63 279 80
63 73 96
63 137 94
63 96 60
64 113 77
64 293 98
64 262 84
64 169 88
64 106 63
64 155 12
64 188 2
65 245 90
65 230 3
65 199 88
65 69 54
65 219 34
65 284 87
65 221 4
65 142 50
65 118 79
66 177 2
66 258 37
66 101 8
66 70 4
66 173 83
66 93 32
67 225 27
67 177 76
67 105 96
67 161 99
67 129 68
67 268 51
68 297 56
69 98 84
69 197 51
69 102 63
69 74 71
69 139 57
69 142 36
69 125 74
69 213 83
69 150 53
69 123 93
69 284 91
69 221 72
69 230 64
70 101 84
70 82 36
70 267 68
70 93 24
71 199 58
71 103 65
71 236 85
71 245 76
71 118 83
71 185 65
71 219 67
71 157 72
71 128 30
72 241 42
72 81 35
72 154 54
72 108 32
72 77 37
73 196 67
73 231 45
73 136 58
73 107 4
73 238 80
73 272 39
73 274 89
73 171 40
73 279 55
73 120 85
73 96 14
73 75 8
73 256 28
74 162 76
74 230 43
74 265 96
74 123 15
74 208 78
74 249 17
74 150 97
74 247 64
74 281 48
74 250 14
74 153 14
74 221 26
74 286 29
74 102 93
75 280 5
75 231 39
75 120 75
75 107 82
75 136 2
75 141 31
75 238 12
75 288 29
76 292 57
77 100 51
77 167 34
77 108 92
77 240 70
77 81 69
77 179 82
77 278 75
77 154 51
77 94 51
78 146 36
78 194 92
78 216 44
78 270 100
79 214 66
79 165 38
79 245 82
79 118 50
79 168 98
79 149 20
79 219 55
79 142 48
79 158 99
80 97 83
80 244 77
80 121 56
80 203 80
81 241 25
81 100 85
81 154 70
81 108 4
82 101 14
82 90 86
83 235 11
83 261 72
84 278 33
84 184 77
84 300 87
84 94 16
84 240 64
85 257 84
85 296 43
85 298 88
85 140 97
85 208 100
85 178 26
85 243 16
85 159 41
85 247 66
85 187 66
85 286 12
85 127 3
86 259 4
86 260 28
86 294 100
86 109 12
86 227 40
86 276 74
86 246 40
86 220 50
87 210 39
87 92 87
87 207 42
87 204 21
87 248 89
87 282 61
87 152 3
87 269 39
87 271 30
87 160 52
88 290 40
88 164 87
88 101 79
88 264 72
88 267 17
88 110 85
88 175 16
88 112 16
88 209 93
88 180 31
88 192 30
89 170 28
89 147 80
89 172 95
89 111 32
91 273 89
91 242 31
91 116 73
91 197 29
91 150 48
91 123 67
91 95 41
91 287 81
92 210 45
92 204 81
92 248 2
92 282 85
92 152 30
92 269 49
92 207 70
92 160 60
93 283 54
93 124 58
93 173 62
93 258 55
94 278 2
94 154 54
94 108 30
94 240 84
95 265 68
95 228 74
95 150 49
95 281 26
95 123 78
95 287 75
96 137 75
96 238 17
96 279 78
96 171 7
96 138 7
96 107 39
96 196 30
96 256 85
97 116 15
97 156 47
97 244 12
97 121 82
97 203 21
98 193 61
98 202 85
98 102 83
98 221 70
98 139 9
98 242 95
98 213 85
98 197 44
98 123 23
98 284 1
98 125 2
99 258 55
99 277 1
99 214 91
99 185 18
99 124 76
99 173 7
100 241 68
100 291 44
100 154 41
100 108 37
100 179 90
101 267 5
101 264 24
101 175 100
101 112 22
101 180 26
101 192 10
102 230 56
102 265 49
102 221 31
102 197 22
102 250 25
102 123 82
102 125 11
102 150 96
103 162 50
103 199 32
103 226 35
103 201 1
103 236 81
103 145 78
103 153 47
103 182 93
103 249 39
103 157 53
103 128 66
104 131 73
104 151 78
104 145 24
104 211 84
104 148 66
104 183 74
104 280 27
104 288 86
104 254 35
104 256 83
105 293 70
105 262 13
105 168 36
105 106 22
105 115 88
105 149 36
105 188 72
105 158 41
105 223 48
106 113 88
106 169 36
106 262 43
106 293 29
106 188 12
106 223 26
107 196 83
107 231 38
107 136 54
107 171 71
107 238 99
107 272 64
107 274 2
107 279 14
107 120 50
107 256 45
108 167 69
108 240 60
108 179 28
108 181 21
108 154 49
109 294 34
109 119 49
109 255 19
109 246 54
110 290 21
110 164 95
110 134 94
110 234 79
110 271 93
110 180 78
110 285 100
110 192 33
111 147 4
111 132 27
111 172 38
111 232 65
111 170 30
111 237 15
112 290 41
112 164 79
112 267 47
112 264 58
112 175 13
112 209 16
112 180 17
112 192 40
113 227 53
113 260 90
113 169 72
113 155 41
113 188 80
114 133 66
114 295 77
114 237 12
114 239 32
114 126 5
114 186 63
114 217 9
114 122 11
114 222 92
114 191 11
115 293 14
115 214 80
115 277 52
115 168 91
115 149 67
115 262 69
115 158 24
115 223 48
116 156 87
116 287 16
117 274 86
117 130 96
117 233 99
117 171 12
117 189 66
117 272 73
118 165 53
118 199 64
118 142 25
118 245 57
118 219 80
118 284 27
119 294 26
119 255 97
119 224 90
120 253 51
120 231 67
120 136 30
120 141 56
120 205 31
120 238 51
121 244 87
121 261 8
121 203 59
122 225 59
122 129 77
122 295 7
122 268 19
122 237 27
122 239 60
122 126 62
122 132 28
122 217 93
122 222 8
122 191 26
123 230 53
123 221 2
123 139 95
123 242 59
123 197 78
123 213 60
123 150 1
123 250 21
123 125 4
124 258 97
124 277 5
124 214 86
124 173 98
125 193 49
125 197 2
125 202 55
125 139 40
125 242 27
125 213 53
125 150 98
125 221 58
126 133 56
126 295 55
126 217 12
126 237 70
126 222 57
126 239 74
127 257 47
127 140 13
127 296 17
127 211 23
127 208 65
127 243 66
127 183 49
127 187 99
127 159 58
128 226 73
128 199 85
128 201 87
128 138 25
128 236 97
128 145 77
128 182 54
128 157 65
129 225 6
129 268 30
129 161 75
129 222 30
130 263 58
130 233 53
130 274 79
130 272 76
130 189 46
130 171 71
131 280 12
131 296 95
131 148 46
131 151 26
131 252 23
131 254 57
131 288 57
132 225 51
132 268 39
132 217 9
132 172 1
132 237 98
132 222 19
132 232 66
133 191 17
133 295 79
133 217 14
133 186 4
133 222 32
133 239 99
134 290 73
134 164 25
134 234 41
134 285 61
134 271 68
135 229 57
135 166 66
135 202 83
135 275 2
135 215 24
135 294 30
135 190 8
135 255 72
135 224 46
136 238 44
136 231 20
136 279 83
136 141 73
136 272 9
137 196 57
137 263 91
137 138 47
137 233 84
137 218 70
137 171 76
138 289 80
138 145 56
138 196 90
139 193 71
139 197 49
139 202 46
139 142 48
139 242 94
139 213 78
139 284 50
139 221 31
140 257 66
140 195 38
140 298 21
140 208 94
140 178 95
140 243 84
140 247 30
140 187 51
140 286 37
140 159 65
141 231 22
141 205 88
141 253 2
142 166 53
142 202 16
142 165 79
142 213 2
142 245 88
142 219 86
142 284 2
142 221 65
142 190 15
143 204 73
143 152 25
143 248 36
143 207 4
144 195 40
144 228 15
144 216 39
144 298 18
144 174 89
145 226 75
145 201 29
145 211 98
145 182 35
145 256 85
145 157 83
146 194 55
146 212 100
146 270 25
146 176 94
147 172 28
147 232 17
147 170 68
147 237 98
148 280 78
148 296 25
148 151 92
148 252 6
148 254 10
148 288 50
149 165 47
149 214 76
149 168 30
149 277 61
149 158 50
149 223 55
150 265 17
150 287 93
150 281 73
150 197 45
150 250 86
151 296 33
151 252 25
151 280 6
151 254 61
151 288 95
152 204 43
152 248 86
152 207 34
153 199 57
153 162 35
153 230 31
153 236 36
153 211 58
153 243 37
153 182 89
153 183 53
153 249 90
154 241 27
154 167 85
154 240 74
154 179 87
155 260 89
155 294 92
155 169 89
155 227 33
155 275 95
155 276 47
155 246 72
155 188 28
156 273 94
156 198 43
156 200 85
156 203 46
156 193 49
156 287 54
157 199 62
157 226 82
157 201 45
157 236 25
157 182 47
157 185 88
158 165 74
158 262 64
158 168 78
158 293 24
158 219 26
158 190 32
158 223 27
159 257 82
159 187 62
160 210 18
160 207 45
160 248 17
160 282 20
160 204 80
160 269 79
160 271 56
161 177 2
161 268 53
161 225 37
162 230 100
162 199 70
162 236 33
162 286 77
162 249 9
162 243 66
162 183 3
162 250 9
162 208 44
163 218 24
163 283 28
163 299 77
163 251 53
164 290 96
164 264 68
164 234 34
164 267 59
164 175 54
164 209 18
164 180 77
164 285 43
164 192 16
165 245 7
165 185 4
165 277 67
165 219 26
165 214 87
166 275 82
166 229 2
166 215 97
166 168 24
166 202 100
166 190 41
166 224 13
167 259 94
167 291 94
167 240 70
167 179 43
167 181 3
167 220 32
168 293 44
168 262 35
168 188 47
168 190 21
168 223 50
169 260 4
169 294 13
169 227 80
169 275 89
169 276 26
169 188 77
169 262 56
170 172 83
170 232 90
170 184 90
171 196 3
171 238 43
171 272 27
171 274 69
171 279 43
171 189 18
171 233 99
172 232 52
172 237 67
173 177 46
173 277 81
173 214 75
173 258 93
174 178 34
174 281 38
174 247 32
174 208 10
174 265 77
174 298 45
174 286 62
174 195 61
175 290 52
175 264 75
175 267 39
175 209 100
175 180 65
175 192 53
176 194 9
176 212 38
176 270 76
177 258 81
178 257 10
178 265 52
178 298 50
178 195 48
178 208 32
178 243 76
178 247 22
178 281 51
178 250 81
178 286 79
179 291 66
179 240 18
179 181 82
179 220 63
180 290 44
180 264 43
180 267 88
180 209 2
180 192 56
181 291 10
181 220 57
181 259 28
182 226 81
182 199 25
182 201 55
182 236 23
182 211 51
182 183 100
183 226 41
183 296 5
183 201 43
183 243 23
183 249 6
183 211 98
184 278 67
184 300 24
185 277 69
185 214 37
186 234 67
186 285 39
186 191 56
187 257 17
187 195 27
187 298 1
187 243 39
188 275 8
188 293 24
188 262 4
188 223 26
189 274 34
189 297 48
189 272 94
189 233 52
190 215 92
190 229 43
190 202 77
191 234 100
191 222 57
191 209 92
191 217 80
191 285 54
192 290 8
192 264 78
192 267 86
192 209 8
193 197 86
193 198 89
193 200 85
193 266 43
193 273 52
193 242 38
193 213 62
193 287 71
194 216 92
194 270 97
195 247 80
195 298 3
196 279 33
196 256 75
197 273 46
197 242 8
197 213 1
197 287 2
198 273 2
198 242 69
198 200 30
198 266 91
198 203 60
198 287 26
199 230 78
199 236 98
199 245 20
199 249 94
200 273 55
200 266 68
201 226 36
201 236 21
201 211 12
202 229 27
202 266 3
202 242 9
202 213 6
202 215 13
202 224 85
203 244 50
204 248 3
204 269 25
204 207 32
205 253 42
206 289 80
206 283 4
207 248 88
207 269 39
208 257 5
208 265 49
208 243 93
208 247 49
208 298 11
208 281 83
208 250 8
208 286 37
209 290 19
209 234 16
209 285 60
210 248 57
210 282 98
210 269 74
210 271 74
211 226 57
211 296 67
211 254 92
213 242 27
213 284 11
213 221 18
214 258 4
214 277 22
215 229 28
215 294 80
215 275 21
215 224 70
216 228 16
216 270 92
217 295 21
217 237 54
217 239 38
217 222 92
218 263 95
218 251 20
219 245 59
219 284 48
220 291 16
220 259 96
221 230 91
221 245 32
221 284 2
222 225 87
222 295 15
222 268 61
222 237 77
222 239 14
223 293 20
223 262 66
224 229 34
224 266 42
224 275 85
224 255 14
224 294 55
225 268 78
226 236 59
227 260 6
227 294 15
227 259 63
227 275 21
227 276 57
227 246 10
228 281 72
229 275 61
229 294 38
230 249 81
230 250 44
230 284 45
231 279 43
231 238 99
231 288 19
232 237 51
233 263 91
233 272 42
233 274 78
234 285 66
235 292 79
235 261 87
236 249 33
237 295 38
237 239 86
238 256 24
238 279 1
238 288 31
239 295 40
240 278 2
242 266 91
242 273 28
242 287 56
243 257 63
243 247 23
243 286 54
243 298 39
243 249 11
245 284 30
246 259 69
246 260 10
246 276 61
246 294 37
247 257 21
247 265 34
247 298 66
247 281 47
247 250 98
247 286 92
248 282 10
248 269 80
249 250 9
250 265 89
250 281 19
250 286 4
251 263 15
251 299 1
252 280 83
252 254 59
254 296 28
254 280 45
254 288 97
255 294 51
256 279 1
256 288 69
257 296 24
257 298 67
257 286 57
258 277 91
259 276 77
259 300 66
260 294 77
260 275 10
260 276 63
262 293 12
264 290 90
264 267 46
265 281 17
265 286 21
266 273 45
267 290 13
269 271 57
269 282 2
271 282 5
272 274 67
272 279 87
273 287 96
274 279 12
275 294 100
275 276 23
276 294 88
280 288 9
281 298 86
281 286 4
285 290 21
286 298 7
10
1
1
1 2
1 2 3
1 2 3 4 5
1 2 3 4 5 6 7 8 9 10
1 2 3 4 5 6 7 8 9 10 11 12 13 14 15 16 17 18 19
1 2 3 4 5 6 7 8 9 10 11 12 13 14 15 16 17 18 19 20 21 22 23 24 25 26 27 28 29 30 31 32 33 34 35 36 37 38
1 2 3 4 5 6 7 8 9 10 11 12 13 14 15 16 17 18 19 20 21 22 23 24 25 26 27 28 29 30 31 32 33 34 35 36 37 38 39 40 41 42 43 44 45 46 47 48 49 50 51 52 53 54 55 56 57 58 59 60 61 62 63 64 65 66 67 68 69 70 71 72 73 74 75
1 2 3 4 5 6 7 8 9 10 11 12 13 14 15 16 17 18 19 20 21 22 23 24 25 26 27 28 29 30 31 32 33 34 35 36 37 38 39 40 41 42 43 44 45 46 47 48 49 50 51 52 53 54 55 56 57 58 59 60 61 62 63 64 65 66 67 68 69 70 71 72 73 74 75 76 77 78 79 80 81 82 83 84 85 86 87 88 89 90 91 92 93 94 95 96 97 98 99 100 101 102 103 104 105 106 107 108 109 110 111 112 113 114 115 116 117 118 119 120 121 122 123 124 125 126 127 128 129 130 131 132 133 134 135 136 137 138 139 140 141 142 143 144 145 146 147 148 149 150
