951
1 81 9
1 170 56
1 39 91
2 21 63
2 116 49
2 45 19
2 30 17
2 120 47
3 113 54
3 34 24
3 94 1
3 103 89
3 136 55
3 41 80
3 178 52
3 43 87
3 126 97
3 95 39
3 14 31
4 195 50
4 164 43
4 149 66
4 118 24
4 163 51
4 19 80
4 12 64
4 115 51
5 67 99
5 85 5
5 26 41
5 90 6
5 8 23
5 105 10
5 154 7
5 140 68
5 61 84
5 112 15
6 97 49
6 131 9
6 68 1
6 72 61
6 75 15
6 76 17
6 77 65
6 18 40
6 180 78
6 181 64
6 127 10
6 56 76
6 57 94
6 89 85
6 159 50
7 129 49
7 99 85
7 36 24
7 54 67
7 103 26
7 64 24
7 175 85
7 94 89
7 143 21
7 14 80
8 72 44
8 105 98
8 85 52
8 75 62
8 140 92
8 61 98
8 144 50
8 112 80
9 185 66
9 73 16
9 27 80
9 69 98
10 156 59
10 169 98
10 108 76
10 46 15
10 111 26
10 114 52
10 52 63
10 47 64
10 121 1
10 124 68
10 29 32
10 191 70
11 36 70
11 83 26
11 148 43
11 37 69
11 134 50
11 40 80
11 42 40
11 133 71
11 125 83
11 54 46
12 115 46
12 164 49
12 149 72
12 118 42
12 195 20
12 19 89
12 163 17
13 33 24
13 130 14
13 35 87
13 101 96
13 96 93
13 107 86
13 142 60
13 20 73
13 24 38
13 187 55
13 156 36
13 189 87
13 192 92
14 49 35
14 178 5
14 63 32
14 94 28
14 41 15
14 99 48
14 126 46
14 175 64
14 64 30
15 44 28
15 183 78
16 51 68
16 28 62
16 168 55
16 155 31
16 92 90
16 93 66
16 171 3
16 174 70
17 177 62
17 66 84
17 84 6
17 197 80
17 38 26
17 184 77
17 117 100
17 50 91
17 157 25
17 160 86
18 97 15
18 57 24
18 131 96
18 181 86
18 72 84
18 89 78
18 75 55
18 76 59
18 127 1
18 159 63
19 164 60
19 190 45
19 163 42
19 149 100
19 118 24
19 115 95
19 195 20
19 176 1
20 33 69
20 129 12
20 35 72
20 133 43
20 42 1
20 24 12
20 141 64
20 142 69
20 179 65
20 54 3
20 152 68
20 153 38
20 187 70
21 70 66
21 87 36
21 98 77
21 169 87
21 121 45
21 29 36
21 30 40
22 130 87
22 107 67
22 188 3
22 86 32
23 177 80
23 66 1
23 84 85
23 197 98
23 139 89
23 109 21
23 171 95
23 45 55
23 123 54
23 31 44
23 160 78
24 33 20
24 130 39
24 35 62
24 101 25
24 74 78
24 107 39
24 142 69
24 179 78
24 119 14
24 187 21
24 189 77
24 96 63
25 193 8
25 65 20
25 147 1
25 69 65
25 150 22
25 58 52
25 91 85
25 27 5
25 158 71
26 177 69
26 67 38
26 117 87
26 154 56
26 90 18
26 184 23
26 109 60
26 112 67
27 65 30
27 193 42
27 147 9
27 69 6
27 58 82
27 91 10
27 158 66
28 65 29
28 51 22
28 116 27
28 168 24
28 92 52
28 171 72
28 93 6
28 174 35
28 158 69
29 70 76
29 104 13
29 121 81
29 124 86
29 30 77
29 47 68
30 98 41
30 70 51
30 87 23
30 121 58
30 104 19
30 124 95
30 47 32
31 66 84
31 84 80
31 197 95
31 123 7
31 45 7
31 171 30
31 109 24
31 139 61
31 160 65
32 149 21
32 163 1
32 91 63
32 147 18
32 135 96
33 129 66
33 130 59
33 35 11
33 101 17
33 119 7
33 74 36
33 107 56
33 142 53
33 179 92
33 55 26
33 187 57
33 189 30
33 96 59
34 194 61
34 196 88
34 102 8
34 136 34
34 122 45
34 43 32
34 128 65
35 130 20
35 101 87
35 52 81
35 141 76
35 107 85
35 46 80
35 111 73
35 152 25
35 187 49
35 156 20
35 192 54
36 129 31
36 133 31
36 40 65
36 42 54
36 143 56
36 148 47
36 54 40
36 37 88
36 125 88
36 64 59
37 83 16
37 148 37
37 134 89
37 40 78
37 42 87
37 133 86
37 125 93
37 54 67
38 177 56
38 84 16
38 117 81
38 50 46
38 151 76
38 184 50
38 197 22
38 157 51
38 66 55
38 160 11
39 146 80
39 132 95
39 81 98
39 170 5
39 161 2
40 148 83
40 134 72
40 133 88
40 60 64
40 125 69
40 59 36
40 143 36
40 54 95
41 178 98
41 43 98
41 126 13
41 175 63
41 94 4
42 134 80
42 141 68
42 148 81
42 87 96
42 152 5
42 153 32
42 133 97
42 125 32
42 54 7
43 194 1
43 102 72
43 103 11
43 136 12
43 113 14
43 178 3
43 122 62
43 95 96
43 128 55
44 122 22
44 183 97
45 197 100
45 139 25
45 109 86
45 123 68
46 101 29
46 169 49
46 108 86
46 141 11
46 111 92
46 121 28
46 52 58
46 152 52
46 153 68
46 187 22
46 156 83
47 114 18
47 124 75
47 70 62
47 104 57
47 121 41
47 108 78
48 82 10
48 196 66
48 166 58
48 119 16
48 200 32
48 188 68
48 189 17
48 96 50
49 162 50
49 99 75
49 100 30
49 175 75
49 138 93
49 137 23
49 106 10
49 63 36
49 198 100
50 177 5
50 66 17
50 157 7
50 84 8
50 197 15
50 184 41
50 117 41
50 109 34
50 160 95
51 171 24
51 168 51
51 155 86
51 93 55
51 174 13
52 108 44
52 114 55
52 180 10
52 101 64
52 187 62
52 156 2
52 111 29
52 192 16
53 145 15
53 180 93
53 71 36
53 56 15
53 57 91
53 192 41
54 129 59
54 148 35
54 179 100
54 133 11
54 125 48
54 64 89
55 129 22
55 166 57
55 103 99
55 136 96
55 74 79
55 142 8
55 113 100
55 179 40
55 119 37
55 189 20
55 95 58
55 96 31
56 131 94
56 68 62
56 71 9
56 110 12
56 79 87
56 145 81
56 57 61
56 127 57
56 89 84
56 181 9
56 159 73
57 97 41
57 68 1
57 71 89
57 72 94
57 76 50
57 77 31
57 145 10
57 180 67
57 89 11
57 181 20
57 191 46
58 193 35
58 147 39
58 150 99
58 120 57
58 91 3
58 173 13
58 62 26
58 78 34
58 80 86
59 100 47
59 165 27
59 135 84
59 60 28
59 173 99
59 143 28
60 146 2
60 100 63
60 165 23
60 137 49
60 138 49
60 143 12
61 67 60
61 154 91
61 105 45
61 85 49
61 140 5
61 112 65
61 144 33
62 193 61
62 83 53
62 150 69
62 120 75
62 78 47
62 80 49
63 162 17
63 99 74
63 198 18
63 138 72
63 137 30
63 106 17
63 175 32
64 113 21
64 129 49
64 99 59
64 103 97
64 95 59
64 94 33
65 193 82
65 116 15
65 92 27
65 158 69
65 174 64
66 197 22
66 171 12
66 177 40
66 84 27
66 182 19
66 151 78
66 123 36
66 157 100
66 160 36
67 117 53
67 109 99
67 90 20
67 154 73
67 139 22
67 112 28
68 145 63
68 89 92
68 131 40
68 181 10
68 127 21
68 159 42
68 110 83
68 79 19
69 185 89
69 147 71
69 150 76
69 73 92
69 91 35
70 121 60
70 98 20
70 87 30
70 104 88
70 169 8
70 124 11
71 145 34
71 180 69
71 192 20
72 97 92
72 140 27
72 105 77
72 75 31
72 77 9
72 144 27
72 114 80
72 76 12
72 180 2
72 89 58
72 191 2
73 185 59
73 149 13
74 129 50
74 196 60
74 166 62
74 103 67
74 136 58
74 142 26
74 113 7
74 82 5
74 179 20
74 189 23
74 119 35
74 95 43
74 96 54
75 97 45
75 76 82
75 114 87
75 105 35
75 140 77
75 77 72
75 144 27
75 85 51
75 191 32
76 97 60
76 89 85
76 181 29
76 77 4
76 127 68
76 191 78
77 97 14
77 108 98
77 140 95
77 144 70
77 114 66
77 180 36
77 191 87
78 193 5
78 83 42
78 150 83
78 120 10
78 80 64
79 131 6
79 181 34
79 127 94
79 110 82
79 159 27
80 150 82
80 83 25
80 134 75
80 120 71
80 173 46
81 170 85
81 106 59
82 194 32
82 196 16
82 166 59
82 119 86
82 200 27
82 188 20
82 189 11
82 136 7
82 128 41
83 98 92
83 134 41
83 120 100
84 177 82
84 197 90
84 184 27
84 123 80
84 157 78
84 160 14
85 105 17
85 140 99
85 144 54
85 112 87
86 192 19
87 169 23
87 98 4
87 152 82
87 153 61
87 141 55
87 121 88
88 186 68
88 172 1
88 167 35
88 199 19
88 126 18
89 97 83
89 131 38
89 181 61
89 127 33
89 159 57
90 177 80
90 117 29
90 154 27
90 139 11
90 184 42
90 109 33
90 112 10
91 193 5
91 147 95
91 150 71
91 173 37
92 158 95
92 116 10
92 168 51
92 171 70
92 93 79
92 174 75
93 174 10
93 168 22
93 155 49
93 171 28
94 129 44
94 99 20
94 103 9
94 175 51
94 113 41
94 178 62
94 95 27
95 129 42
95 166 14
95 103 38
95 136 28
95 113 69
95 179 86
96 130 35
96 107 31
96 142 87
96 179 46
96 119 15
96 187 99
96 189 61
96 166 1
97 144 69
97 180 3
97 181 27
97 191 97
98 121 84
99 162 16
99 143 62
99 137 97
99 175 45
100 161 28
100 162 71
100 165 10
100 198 63
100 146 88
100 137 72
100 138 94
100 143 28
101 130 19
101 107 3
101 152 88
101 111 56
101 187 69
101 156 72
101 192 22
102 194 66
102 196 9
102 136 47
102 122 51
102 128 61
103 129 40
103 166 83
103 136 39
103 113 66
103 179 25
104 154 94
104 124 53
105 140 22
105 144 37
105 112 39
106 162 45
106 198 81
106 138 18
107 130 25
107 142 100
107 119 15
107 187 75
107 192 30
107 189 49
108 114 98
108 180 48
108 191 82
108 124 83
108 111 3
109 197 96
109 139 3
109 177 94
109 117 36
109 154 1
109 123 94
110 131 12
110 181 96
110 159 51
110 127 82
111 156 28
111 169 59
111 187 82
111 192 89
112 154 31
113 129 70
113 166 96
113 136 33
113 179 98
114 124 71
114 180 19
114 191 86
115 195 81
115 118 74
115 190 2
115 176 84
116 193 49
116 120 43
116 158 56
117 177 21
117 139 89
117 184 60
117 160 75
118 190 91
118 164 16
118 149 24
118 132 63
118 163 68
118 195 68
118 176 99
119 130 43
119 166 26
119 142 15
119 179 24
119 188 71
119 189 56
120 193 63
121 156 8
121 169 42
121 152 63
121 153 18
121 124 40
122 194 84
122 196 95
122 128 52
123 177 7
123 197 77
123 139 83
123 160 21
124 154 74
125 129 6
125 133 79
125 148 31
125 143 77
125 134 20
126 178 64
126 175 34
127 131 2
127 181 79
127 159 71
128 194 63
128 136 23
128 196 57
128 166 97
129 179 35
130 142 89
130 187 31
130 189 50
131 159 38
131 181 84
132 170 87
132 176 64
132 190 3
133 148 17
133 134 86
133 141 64
133 152 72
133 153 10
134 148 96
135 165 99
135 173 22
136 194 43
136 196 45
136 166 70
137 146 49
137 165 61
137 198 82
137 162 1
137 138 22
137 143 59
138 146 18
138 165 4
138 198 39
138 162 53
139 177 12
139 197 88
139 154 49
140 144 100
141 153 13
141 152 54
141 169 70
141 156 5
142 166 4
142 179 40
142 187 10
142 189 7
143 148 99
143 165 100
144 191 53
145 180 36
145 181 25
145 192 61
146 161 97
146 162 88
146 165 67
146 198 33
146 170 48
147 193 45
147 150 81
147 173 48
149 164 60
149 163 94
149 195 91
150 193 46
150 173 71
151 160 49
151 157 30
151 182 28
152 169 63
152 153 50
152 187 50
152 156 57
153 169 34
153 156 25
155 182 43
155 168 50
155 171 93
155 174 24
156 169 73
156 187 51
157 184 6
157 177 48
157 160 8
157 182 2
158 193 29
158 168 17
158 174 62
159 181 32
160 197 72
160 177 20
160 184 1
161 170 21
162 198 79
162 175 40
163 164 53
163 195 83
164 195 13
166 194 29
166 196 69
166 179 24
166 189 39
167 186 5
167 172 19
167 199 32
168 174 51
171 174 5
172 186 84
172 199 11
175 178 17
176 195 1
176 190 80
177 197 74
177 184 39
179 189 61
180 191 69
186 199 86
188 200 93
188 189 82
190 195 4
194 196 29
10
1
1
1
1 2
1 2 3 4
1 2 3 4 5 6 7
1 2 3 4 5 6 7 8 9 10 11 12 13
1 2 3 4 5 6 7 8 9 10 11 12 13 14 15 16 17 18 19 20 21 22 23 24 25
1 2 3 4 5 6 7 8 9 10 11 12 13 14 15 16 17 18 19 20 21 22 23 24 25 26 27 28 29 30 31 32 33 34 35 36 37 38 39 40 41 42 43 44 45 46 47 48 49 50
1 2 3 4 5 6 7 8 9 10 11 12 13 14 15 16 17 18 19 20 21 22 23 24 25 26 27 28 29 30 31 32 33 34 35 36 37 38 39 40 41 42 43 44 45 46 47 48 49 50 51 52 53 54 55 56 57 58 59 60 61 62 63 64 65 66 67 68 69 70 71 72 73 74 75 76 77 78 79 80 81 82 83 84 85 86 87 88 89 90 91 92 93 94 95 96 97 98 99 100
