2521
1 225 6
1 151 85
1 391 48
1 210 43
1 41 91
1 235 90
1 428 78
1 367 9
1 176 5
1 434 81
1 403 42
1 373 64
1 432 92
1 87 94
1 249 38
1 154 73
1 91 37
1 156 10
1 95 62
1 53 45
2 146 3
2 335 1
2 239 64
2 153 11
2 128 33
2 317 78
2 111 31
2 246 39
3 384 24
3 258 27
3 36 58
3 134 2
3 250 12
3 92 42
3 303 72
3 144 85
4 124 23
4 69 66
4 247 67
4 332 74
4 15 89
4 307 97
4 180 12
4 215 22
4 184 92
4 251 65
4 60 55
4 347 51
4 414 86
4 288 73
5 259 28
5 420 62
5 358 92
5 327 43
5 360 18
5 331 13
5 268 45
5 49 18
5 339 100
5 214 42
5 408 95
5 221 74
5 256 3
6 353 51
6 162 53
6 51 55
6 372 73
6 437 90
6 135 51
6 264 83
6 73 79
6 252 31
6 127 88
7 290 7
7 284 91
7 133 88
7 328 16
7 425 42
7 172 44
7 388 80
7 110 2
7 368 91
7 402 6
7 244 4
7 149 41
7 344 46
7 316 36
7 380 47
7 265 27
8 290 74
8 355 21
8 388 41
8 101 20
8 298 51
8 333 4
8 110 57
8 48 86
8 370 1
8 307 50
8 244 80
8 182 18
8 378 44
8 229 39
8 288 48
8 413 20
8 86 64
9 339 64
9 412 19
9 261 79
9 22 10
9 327 83
9 360 4
9 361 94
9 93 26
9 268 76
9 396 84
10 33 98
10 402 49
10 115 8
10 444 48
10 99 88
10 199 52
10 344 9
10 16 75
10 46 54
10 304 79
11 322 34
11 227 32
11 421 92
11 74 62
11 13 43
11 81 19
11 185 73
11 148 47
11 377 41
11 283 22
11 351 4
11 32 80
12 321 68
12 306 52
12 419 41
12 72 23
12 274 24
12 260 77
12 219 82
12 204 92
12 163 14
13 81 31
13 69 47
13 215 20
13 247 3
13 281 40
13 74 97
13 15 20
14 34 24
14 132 89
14 261 11
14 22 90
14 165 71
14 76 84
14 429 80
14 396 89
14 319 5
14 94 30
15 69 60
15 215 41
15 300 60
15 332 49
15 180 24
15 247 39
15 184 82
15 281 71
15 347 11
15 124 99
15 414 64
15 422 55
16 33 53
16 402 72
16 115 42
16 28 28
16 99 54
16 199 50
16 344 41
16 444 68
16 46 60
16 304 32
17 164 53
17 37 68
17 166 70
17 434 94
17 41 54
17 367 60
17 239 30
17 176 40
17 210 67
17 19 67
17 85 7
17 246 60
17 154 28
17 21 83
18 129 33
18 433 79
18 447 8
18 293 12
18 191 17
18 442 57
18 186 6
18 299 48
18 40 95
18 63 26
18 192 81
19 164 52
19 37 15
19 166 93
19 434 53
19 367 72
19 176 67
19 210 16
19 85 17
19 246 93
19 239 73
19 154 81
19 21 97
20 113 31
20 356 11
20 135 40
20 231 8
20 280 79
20 253 81
20 296 87
20 29 12
20 152 62
20 45 47
21 434 13
21 292 77
21 85 58
21 166 11
21 88 56
21 41 54
21 37 70
21 154 76
21 239 76
22 449 86
22 412 42
22 261 6
22 327 22
22 361 3
22 268 18
22 396 17
22 93 34
22 429 1
23 97 28
23 424 34
23 171 47
23 365 2
23 270 59
23 78 53
23 336 74
23 241 85
23 52 53
23 150 38
23 57 10
23 187 35
23 272 89
23 382 62
23 395 80
24 370 55
24 307 69
24 60 96
24 230 48
24 298 9
24 251 59
24 288 98
24 62 18
24 352 56
25 130 23
25 356 21
25 341 69
25 236 72
25 280 87
25 276 74
25 234 68
25 108 61
25 302 50
25 346 44
25 96 1
26 66 97
26 198 54
26 450 74
26 188 4
26 30 92
26 431 97
27 265 93
27 435 39
27 380 45
27 405 34
27 425 47
27 123 6
27 316 75
27 141 98
27 368 57
28 65 62
28 226 16
28 67 27
28 324 60
28 199 81
28 44 65
28 142 16
28 304 52
28 145 26
28 83 49
28 406 90
28 183 17
29 113 72
29 280 4
29 231 68
29 135 43
29 152 31
29 356 61
29 45 5
29 296 52
29 253 53
30 450 14
30 211 81
30 262 99
30 66 47
30 107 10
30 188 51
30 431 28
30 198 89
31 355 36
31 117 21
31 143 35
31 42 75
31 58 13
31 347 33
31 379 54
31 333 45
31 414 23
31 399 60
32 322 89
32 227 86
32 421 16
32 74 48
32 81 42
32 185 46
32 308 81
32 148 79
32 377 65
32 283 94
32 445 27
32 351 25
33 99 90
33 444 17
33 389 27
33 199 87
33 200 12
33 137 54
33 46 69
33 304 19
33 115 64
33 121 27
33 411 24
34 354 92
34 194 11
34 319 80
34 366 6
34 155 52
34 222 31
34 429 99
34 94 75
34 223 59
34 430 76
35 161 41
35 249 1
35 293 59
35 338 3
35 151 4
35 168 88
35 329 61
35 337 15
35 63 66
35 192 3
36 258 22
36 384 1
36 134 51
36 279 7
36 228 55
36 250 28
36 92 63
36 303 76
36 144 58
37 292 81
37 166 27
37 41 84
37 88 51
37 239 63
37 176 50
37 434 31
37 85 96
37 154 28
38 127 11
38 252 87
38 341 27
38 278 67
38 264 8
38 233 92
38 220 55
38 285 91
38 302 71
38 47 21
38 96 67
39 241 33
39 52 57
39 275 82
39 404 69
39 374 24
39 217 45
39 170 94
39 318 33
40 161 93
40 364 46
40 41 2
40 235 32
40 428 9
40 432 91
40 433 38
40 373 27
40 383 56
40 87 63
40 186 71
40 91 46
40 156 12
40 299 18
40 95 76
40 192 46
41 428 60
41 210 40
41 373 7
41 235 67
41 364 56
41 367 52
41 176 25
41 434 73
41 53 54
41 432 26
41 87 11
41 154 46
41 91 67
41 156 60
41 95 95
42 321 73
42 163 49
42 117 2
42 143 32
42 399 53
42 202 47
42 379 17
42 333 10
43 164 5
43 391 24
43 295 73
43 210 74
43 330 33
43 205 4
43 207 44
43 176 91
43 434 93
43 403 73
43 245 32
43 367 20
43 56 90
43 53 81
43 266 54
44 65 89
44 226 95
44 68 39
44 324 16
44 406 55
44 394 20
44 142 32
44 255 85
44 304 1
45 130 54
45 356 17
45 231 61
45 296 4
45 234 39
45 427 18
45 280 70
45 206 49
45 113 61
45 122 73
45 314 15
46 99 54
46 389 88
46 199 91
46 200 74
46 137 83
46 115 50
46 121 24
46 229 4
46 411 26
46 444 7
46 286 72
46 352 44
47 108 67
47 233 12
47 236 55
47 302 46
47 178 23
47 276 64
47 341 94
47 278 89
47 346 67
47 220 56
47 285 21
47 96 100
48 355 49
48 101 27
48 298 40
48 328 64
48 333 16
48 110 38
48 399 19
48 370 93
48 244 39
48 86 19
48 378 60
48 413 64
48 182 17
49 449 14
49 358 20
49 327 63
49 361 6
49 268 9
49 297 35
49 339 17
49 408 66
49 59 95
49 221 46
49 256 41
50 209 12
50 423 37
50 287 68
51 353 44
51 162 26
51 211 10
51 372 29
51 357 85
51 264 19
51 107 15
51 252 52
51 127 62
52 241 73
52 275 37
52 404 26
52 382 94
52 170 28
52 395 67
52 424 72
52 318 46
52 336 18
53 225 3
53 156 85
53 151 40
53 391 18
53 210 33
53 330 74
53 235 67
53 367 74
53 432 4
53 434 41
53 403 3
53 87 95
53 249 81
53 91 3
53 176 78
54 84 44
54 102 38
54 439 76
54 440 5
54 216 56
54 157 3
54 175 74
55 385 4
55 418 25
55 390 72
55 326 21
55 104 93
55 106 23
55 427 92
55 173 37
55 305 31
55 438 24
55 311 76
55 248 21
55 122 67
55 75 69
55 320 87
56 417 86
56 164 72
56 295 4
56 391 26
56 104 76
56 266 11
56 205 59
56 207 100
56 273 72
56 436 67
56 245 34
56 248 41
57 97 32
57 194 52
57 294 100
57 424 6
57 365 23
57 395 95
57 429 15
57 270 5
57 272 55
57 401 19
57 150 5
57 312 82
57 187 83
57 412 5
57 382 76
57 223 40
58 355 61
58 332 12
58 422 53
58 300 72
58 399 14
58 180 4
58 117 93
58 184 26
58 347 53
58 124 54
58 414 98
59 297 93
59 408 32
59 70 37
59 256 81
60 332 53
60 307 1
60 69 62
60 298 91
60 251 29
60 124 92
60 62 83
60 288 46
61 433 99
61 201 13
61 147 27
61 167 78
61 343 54
61 447 21
61 345 91
61 77 89
61 383 15
61 80 35
62 177 82
62 242 66
62 325 55
62 230 77
62 352 60
63 129 42
63 389 27
63 200 50
63 329 82
63 299 89
63 337 39
63 191 30
63 121 34
63 293 76
63 137 30
63 286 40
63 411 92
64 289 65
64 386 78
64 243 95
64 441 21
64 169 56
64 174 58
64 271 85
65 226 33
65 67 16
65 324 97
65 394 31
65 301 56
65 334 64
65 304 67
65 145 86
65 83 96
65 406 81
65 183 42
66 198 14
66 107 53
66 188 42
66 431 77
66 262 10
67 226 64
67 83 22
67 145 91
67 309 48
67 406 61
67 183 85
67 400 43
67 301 51
67 304 26
68 196 61
68 294 82
68 394 51
68 123 29
68 397 2
68 142 18
68 272 28
68 255 61
68 270 40
68 150 79
68 187 50
68 315 45
68 159 65
69 215 85
69 332 62
69 307 98
69 180 85
69 247 98
69 184 94
69 281 80
69 251 78
69 124 14
70 408 79
70 214 24
70 256 93
71 257 97
71 363 39
71 310 1
72 306 16
72 260 54
73 353 71
73 437 5
73 135 26
73 152 61
73 313 65
73 127 68
74 81 56
74 322 97
74 227 77
74 148 84
74 421 46
74 377 2
74 185 53
74 283 85
75 193 45
75 418 53
75 114 71
75 326 76
75 296 64
75 427 30
75 173 34
75 206 63
75 320 7
75 311 71
75 314 39
75 122 65
75 348 73
75 390 79
76 449 14
76 132 34
76 261 39
76 392 74
76 297 97
76 396 33
76 179 73
76 140 44
76 120 3
76 165 88
76 126 31
76 319 30
77 433 24
77 325 67
77 167 77
77 201 26
77 299 94
77 80 97
77 177 50
77 242 56
77 147 61
77 191 1
77 343 66
77 345 72
77 442 78
77 447 40
78 387 84
78 375 14
78 424 62
78 105 27
78 171 94
78 365 8
78 446 33
78 369 1
78 82 49
78 342 20
78 382 76
79 131 50
79 212 44
79 407 74
79 376 31
79 89 63
79 443 10
80 433 86
80 345 96
80 147 37
80 383 24
80 167 67
80 343 98
80 201 60
80 299 1
80 447 41
81 377 42
81 421 62
81 215 63
81 281 58
81 185 71
82 387 53
82 342 51
82 375 49
82 105 34
82 426 25
82 446 14
83 226 28
83 324 10
83 400 67
83 301 63
83 304 19
83 145 67
83 309 93
83 406 83
83 183 59
84 193 12
84 138 71
84 112 87
84 175 68
84 240 78
84 114 68
84 116 64
84 439 80
84 216 79
84 348 36
84 157 49
85 292 79
85 166 86
85 111 82
85 239 27
85 335 78
85 88 41
85 153 2
85 317 7
86 355 76
86 101 39
86 328 71
86 298 93
86 333 18
86 110 73
86 399 1
86 370 55
86 244 3
86 182 53
86 378 87
86 413 59
86 288 76
87 364 72
87 156 71
87 235 4
87 428 60
87 176 88
87 432 9
87 434 89
87 373 28
87 151 56
87 186 11
87 249 27
87 154 76
87 91 57
87 192 78
87 95 65
88 111 53
88 292 45
88 166 87
88 359 85
88 238 80
88 335 89
88 239 53
88 271 67
88 153 84
88 317 72
88 128 21
89 131 44
89 212 40
89 228 55
89 407 18
89 376 56
89 443 60
90 228 85
90 134 86
90 279 66
90 92 63
90 303 42
90 384 39
91 161 18
91 156 46
91 151 46
91 373 8
91 235 20
91 428 70
91 364 6
91 432 30
91 249 8
91 186 65
91 176 30
91 95 47
91 192 87
92 258 59
92 134 93
92 279 48
92 228 43
92 384 88
92 303 98
92 144 20
93 194 78
93 412 48
93 261 97
93 327 79
93 429 65
93 396 14
93 361 96
93 336 88
94 100 82
94 103 64
94 354 66
94 139 21
94 430 58
94 208 18
94 366 85
94 409 44
94 155 59
94 222 58
94 319 48
94 448 95
95 156 88
95 364 50
95 235 78
95 428 65
95 432 64
95 433 51
95 373 51
95 186 98
95 154 82
95 176 16
95 383 75
96 130 100
96 108 3
96 135 87
96 264 48
96 233 74
96 276 13
96 236 81
96 302 56
96 356 45
96 341 4
96 152 68
96 346 88
96 220 47
96 285 9
96 437 72
97 194 42
97 294 42
97 365 32
97 395 49
97 429 87
97 270 85
97 272 91
97 401 95
97 366 46
97 150 74
97 312 80
97 187 33
97 412 76
97 223 87
97 224 95
98 305 67
98 418 40
98 417 58
98 197 27
98 438 49
98 311 61
98 218 25
98 106 70
98 267 44
98 136 19
98 173 41
99 389 47
99 199 89
99 200 68
99 137 12
99 304 7
99 115 75
99 121 53
99 411 20
99 444 95
99 286 20
100 354 17
100 222 87
100 119 47
100 139 42
100 366 99
100 409 59
100 282 39
100 155 40
100 430 4
101 290 47
101 355 64
101 388 35
101 229 21
101 298 82
101 110 95
101 370 17
101 307 59
101 244 19
101 182 58
101 344 80
101 378 24
101 413 46
101 288 66
102 371 9
102 195 55
102 157 7
102 189 12
102 291 24
102 415 55
103 162 37
103 357 9
103 118 94
103 354 94
103 409 7
103 139 98
103 448 46
103 222 55
103 208 7
104 417 95
104 418 87
104 197 74
104 295 100
104 136 33
104 106 63
104 267 62
104 248 4
104 205 17
104 273 62
104 305 66
104 385 55
104 438 55
104 218 86
104 266 29
105 387 10
105 277 15
105 342 36
105 375 24
105 426 52
105 446 19
106 385 29
106 197 57
106 295 84
106 136 68
106 267 1
106 173 36
106 305 25
106 273 64
106 418 73
106 417 68
106 438 58
106 311 69
106 248 97
106 218 86
107 162 90
107 357 33
107 262 69
107 211 24
107 431 50
107 372 28
107 118 67
107 188 99
107 198 48
108 130 8
108 233 37
108 234 77
108 236 26
108 302 70
108 276 94
108 341 57
108 346 90
108 220 21
109 266 13
109 436 70
109 245 35
109 164 15
110 290 59
110 133 57
110 388 54
110 229 33
110 328 31
110 265 98
110 298 75
110 172 43
110 370 96
110 244 69
110 149 51
110 182 93
110 344 50
110 378 3
110 284 58
110 413 75
111 335 76
111 166 14
111 125 1
111 239 6
111 146 33
111 246 1
111 153 51
111 317 59
111 128 33
112 193 31
112 114 63
112 157 8
112 116 75
112 138 53
112 348 46
112 269 92
112 175 53
112 240 41
113 253 97
113 231 82
113 280 53
113 356 39
113 314 39
113 296 60
113 206 100
113 269 100
114 193 74
114 296 13
114 157 30
114 269 1
114 206 36
114 240 47
114 314 10
114 348 25
114 189 11
115 389 29
115 199 13
115 200 86
115 137 72
115 121 3
115 411 82
115 444 89
115 286 6
115 352 7
116 439 87
116 216 94
116 138 79
116 175 66
117 143 65
117 399 15
117 379 23
117 333 52
118 162 27
118 211 91
118 357 51
118 140 60
118 126 49
118 208 47
118 448 74
119 354 74
119 183 13
119 409 73
119 282 70
119 301 39
119 350 26
120 450 20
120 179 48
120 165 87
120 392 96
120 297 23
120 398 25
120 416 67
121 129 90
121 389 42
121 200 19
121 137 74
121 411 29
121 286 54
121 352 99
122 326 17
122 296 46
122 390 47
122 234 49
122 427 64
122 206 39
122 173 52
122 280 97
122 314 88
122 320 89
123 435 11
123 159 61
123 315 57
123 141 80
123 255 41
124 247 34
124 300 67
124 399 23
124 414 53
124 332 71
124 288 87
124 307 2
124 180 54
124 215 86
124 184 26
124 251 43
124 347 94
124 422 88
125 146 27
125 359 2
125 153 68
125 317 38
125 238 54
125 335 60
125 128 31
126 450 62
126 132 36
126 165 6
126 140 98
126 398 64
126 431 57
127 353 78
127 252 94
127 437 69
127 135 39
127 264 61
127 220 26
128 146 77
128 335 25
128 359 36
128 153 98
128 317 63
128 238 9
128 239 68
129 137 49
129 293 71
129 200 33
129 329 70
129 299 66
129 442 29
129 389 49
129 411 63
129 286 66
129 191 63
130 280 16
130 356 100
130 233 50
130 234 26
130 236 76
130 302 30
130 276 78
130 341 17
130 152 97
130 346 92
131 369 33
131 212 80
131 277 38
131 407 6
131 375 65
131 376 86
131 349 25
132 449 17
132 396 5
132 165 40
132 140 90
132 392 19
132 261 71
132 319 49
133 290 6
133 316 22
133 328 42
133 425 86
133 172 97
133 388 6
133 368 100
133 402 59
133 244 65
133 149 17
133 284 71
133 250 53
133 380 79
133 265 35
134 260 52
134 279 2
134 144 65
134 303 38
134 384 6
135 353 72
135 356 5
135 264 40
135 341 66
135 152 20
135 313 14
135 437 32
135 220 61
136 273 80
136 417 53
136 197 52
136 218 22
136 267 53
137 389 62
137 200 22
137 329 18
137 411 4
137 286 18
137 352 5
138 175 80
138 439 96
139 162 31
139 222 61
139 357 62
139 354 29
139 409 49
139 155 17
139 208 74
139 448 56
140 450 9
140 319 48
140 165 16
140 398 19
140 431 59
141 435 35
141 316 95
141 405 23
141 212 59
141 380 46
141 368 5
142 435 91
142 199 16
142 394 49
142 324 46
142 255 98
142 304 99
143 321 58
143 379 50
144 258 81
144 279 72
144 250 97
144 303 38
144 384 73
145 226 1
145 309 99
145 183 16
145 406 37
145 301 86
145 350 22
145 400 87
146 239 96
146 246 99
146 153 92
146 317 61
146 335 32
147 227 46
147 325 35
147 167 67
147 242 28
147 377 16
147 148 13
147 345 74
147 254 27
147 447 70
148 322 86
148 254 53
148 421 55
148 377 32
148 345 75
148 227 65
149 290 63
149 380 64
149 328 81
149 265 47
149 172 75
149 368 40
149 244 35
149 284 99
149 250 15
149 316 20
150 294 46
150 424 66
150 365 79
150 171 94
150 397 36
150 270 71
150 272 33
150 382 59
150 196 74
150 187 16
150 312 96
150 315 82
150 395 41
150 159 93
151 161 21
151 225 19
151 235 18
151 432 92
151 403 64
151 373 12
151 249 12
151 156 100
151 192 79
152 356 85
152 264 96
152 276 56
152 236 37
152 302 76
152 233 33
152 437 73
152 280 41
152 341 98
152 220 36
152 346 69
153 335 93
153 359 60
153 238 35
153 271 83
153 239 21
153 317 68
154 292 77
154 166 73
154 434 97
154 364 25
154 367 70
154 176 17
154 210 57
154 428 41
155 222 18
155 354 85
155 409 34
155 430 71
155 223 18
155 366 56
156 225 41
156 428 21
156 235 15
156 161 60
156 176 30
156 373 92
156 249 59
156 186 90
156 432 89
156 192 33
157 195 21
157 175 94
157 240 80
157 371 56
157 216 9
157 348 99
157 189 24
158 323 10
158 423 48
158 232 99
158 313 94
158 362 42
158 203 93
158 190 57
159 270 87
159 196 17
159 171 71
159 315 10
159 397 50
159 187 15
159 272 68
160 178 7
160 340 25
160 168 15
161 293 96
161 329 89
161 235 58
161 432 97
161 337 4
161 373 3
161 249 41
161 186 74
161 192 94
162 211 100
162 372 28
162 357 88
162 448 70
162 208 25
163 321 57
163 274 18
163 419 92
163 202 23
163 219 93
163 379 86
164 205 55
164 391 31
164 210 23
164 266 99
164 367 100
164 176 83
164 434 12
164 436 40
164 245 72
164 207 40
164 246 15
165 449 23
165 392 40
165 261 98
165 396 94
165 319 52
166 292 60
166 335 97
166 239 99
166 246 50
167 201 43
167 174 35
167 433 100
167 383 6
167 343 68
167 345 69
167 254 19
167 447 1
168 337 41
168 338 86
168 340 50
168 178 26
169 289 32
169 386 89
169 243 14
169 213 76
169 441 24
169 237 76
169 174 17
170 241 99
170 275 47
170 374 17
170 404 72
170 318 93
170 336 49
171 387 31
171 375 28
171 424 76
171 365 49
171 397 50
171 446 82
171 369 33
171 349 94
171 382 73
172 290 74
172 316 41
172 328 30
172 265 72
172 388 87
172 368 26
172 425 3
172 402 11
172 244 80
172 344 88
172 284 7
172 229 80
172 380 77
173 193 72
173 197 2
173 326 7
173 418 29
173 427 29
173 305 63
173 320 82
173 438 89
173 311 8
173 314 17
173 218 14
173 267 35
173 390 65
174 386 64
174 243 1
174 213 63
174 343 84
174 237 80
174 201 23
174 383 58
175 439 95
175 216 69
176 391 50
176 210 64
176 235 87
176 428 88
176 367 24
176 432 38
176 434 26
176 373 1
177 242 91
177 325 84
177 447 27
177 442 17
177 299 65
177 191 90
177 230 73
178 278 69
179 392 8
179 297 77
179 398 99
179 416 74
180 215 62
180 332 13
180 247 76
180 184 82
180 281 1
180 347 71
180 414 51
180 300 36
180 422 89
181 441 61
181 393 64
181 263 67
182 355 95
182 298 23
182 332 51
182 333 28
182 399 81
182 370 80
182 307 3
182 184 60
182 378 69
182 413 53
182 288 20
183 226 76
183 324 78
183 394 35
183 301 33
183 400 14
183 406 87
183 350 10
184 355 65
184 300 30
184 422 91
184 332 88
184 399 75
184 288 42
184 307 13
184 247 62
184 251 53
184 347 75
184 414 52
185 322 51
185 308 85
185 421 17
185 445 12
185 283 55
185 351 26
186 428 32
186 299 72
186 364 29
186 191 36
186 432 22
186 433 97
186 373 30
186 235 7
186 383 54
186 192 17
187 294 54
187 424 48
187 397 89
187 395 29
187 365 16
187 270 24
187 272 13
187 401 57
187 196 36
187 312 90
187 315 35
187 224 100
188 198 54
188 262 80
189 209 89
189 371 8
189 195 17
189 240 57
190 323 22
190 423 8
190 232 17
190 313 70
190 362 36
190 203 59
191 293 6
191 442 58
191 299 61
191 286 86
191 447 12
192 293 49
192 329 15
192 235 8
192 432 39
192 337 15
192 373 24
192 249 47
193 326 73
193 296 98
193 269 61
193 206 31
193 240 37
193 320 12
193 314 81
193 348 92
193 390 60
194 395 47
194 429 47
194 366 51
194 430 99
194 401 23
194 312 26
194 412 33
194 223 28
195 291 15
195 371 13
196 294 22
196 312 99
196 365 9
196 315 56
196 272 88
196 397 85
196 270 65
197 417 47
197 305 76
197 267 38
197 273 53
197 418 61
197 438 19
197 311 30
197 218 46
198 211 81
198 372 10
198 262 18
198 431 24
199 304 71
199 444 22
200 293 74
200 329 96
200 389 6
200 411 51
200 286 71
201 433 87
201 243 23
201 343 11
201 383 11
202 321 69
202 274 18
202 219 86
202 379 61
202 333 11
202 419 88
203 323 75
203 423 96
203 232 4
203 313 67
203 362 2
204 306 86
204 260 43
205 417 3
205 295 35
205 391 72
205 266 70
205 207 35
205 273 75
205 436 84
205 245 71
206 390 35
206 231 83
206 296 96
206 269 64
206 280 19
206 240 50
206 314 33
206 348 8
207 391 30
207 295 3
207 266 22
207 367 91
207 273 62
207 210 56
207 436 8
207 245 69
208 354 27
208 357 67
208 409 10
208 222 64
208 448 80
209 371 9
209 253 38
209 381 31
209 269 32
209 287 77
210 391 89
210 367 77
210 434 33
210 245 24
211 372 87
211 357 77
211 262 7
212 369 84
212 376 15
212 349 2
212 443 16
213 410 25
213 322 95
213 243 61
213 441 27
213 386 30
213 445 63
213 237 29
213 254 18
214 339 11
214 420 81
214 358 62
214 408 27
214 331 44
214 268 88
214 221 63
214 256 78
215 247 58
215 281 44
216 439 39
217 259 43
217 404 83
217 327 19
217 374 81
217 360 17
217 275 69
217 268 32
217 221 5
217 339 73
217 318 96
218 417 94
218 418 61
218 273 77
218 305 28
218 438 83
218 311 60
218 267 15
219 321 75
219 274 54
219 379 19
219 419 32
220 236 93
220 264 67
220 233 24
220 302 93
220 276 75
220 437 62
220 341 17
220 346 6
220 285 9
221 259 10
221 420 3
221 358 33
221 327 7
221 360 12
221 331 2
221 268 50
221 339 1
221 374 47
221 408 43
221 256 29
222 354 10
222 430 3
222 366 99
222 409 82
222 223 99
222 448 12
223 294 95
223 354 36
223 366 91
223 334 3
223 401 12
223 312 38
223 430 91
223 224 78
224 401 46
224 270 4
224 366 48
224 294 56
224 312 41
224 394 47
224 334 67
224 272 40
225 403 11
225 391 80
225 249 17
225 330 47
225 432 58
226 324 17
226 301 38
226 400 39
226 309 74
226 406 81
226 304 56
227 322 59
227 421 34
227 377 62
227 345 59
227 254 66
228 407 50
228 279 68
228 303 54
228 384 48
229 290 17
229 388 29
229 402 76
229 425 34
229 298 100
229 370 95
229 344 26
229 284 66
229 444 25
229 265 64
230 242 54
230 325 44
230 286 97
230 442 52
230 352 33
231 356 42
231 296 60
231 269 11
231 280 59
231 314 81
231 253 55
231 381 57
232 323 14
232 423 2
232 313 96
232 362 1
232 253 100
232 381 22
233 264 61
233 236 19
233 302 76
233 276 31
233 341 93
233 437 50
233 285 84
233 346 58
234 276 14
234 236 9
234 356 32
234 280 16
234 427 42
234 346 50
235 364 25
235 428 90
235 434 12
235 373 37
235 432 53
235 249 87
236 356 35
236 302 46
236 276 73
236 341 79
236 346 98
236 285 84
237 386 28
237 243 52
237 441 23
237 322 46
237 410 14
237 445 41
237 254 33
238 271 12
238 359 95
238 317 89
238 335 65
239 292 26
239 246 7
239 335 58
239 317 18
240 296 13
240 348 27
240 269 52
241 275 50
241 318 49
241 424 50
241 404 20
241 382 77
241 336 74
242 325 8
242 345 29
242 442 50
242 447 100
243 289 13
243 386 14
243 441 57
243 410 85
244 290 95
244 328 78
244 265 77
244 333 90
244 388 37
244 378 81
245 391 39
245 295 25
245 436 60
245 367 24
245 266 41
245 246 8
247 422 12
247 332 57
247 281 81
247 300 69
247 251 18
247 347 75
247 414 31
248 385 68
248 305 84
248 391 19
248 295 10
248 273 1
248 403 80
248 438 47
248 330 21
249 432 12
249 403 9
249 373 6
250 258 58
250 328 86
251 298 45
251 332 9
251 307 38
251 413 78
251 288 3
252 372 15
252 264 27
253 313 72
253 381 30
254 322 77
254 421 31
254 308 22
254 345 83
254 410 58
254 445 89
254 351 3
255 435 67
255 324 15
255 394 49
255 315 36
256 408 46
256 297 3
256 358 36
257 393 64
257 363 12
257 310 100
257 263 72
258 405 49
258 380 39
258 303 91
258 384 53
259 358 91
259 327 36
259 360 94
259 331 67
259 268 60
259 275 82
259 339 14
259 404 46
259 374 20
260 274 56
260 419 18
260 306 72
261 449 23
261 327 16
261 361 16
261 429 100
261 396 96
261 319 71
263 393 40
264 302 45
264 437 52
264 341 26
264 285 63
265 290 88
265 388 62
265 425 35
265 380 63
265 368 4
265 402 62
265 344 69
265 284 59
265 316 54
266 417 52
266 391 85
266 295 92
266 273 14
266 436 45
267 417 83
267 418 80
267 305 74
267 273 79
267 438 11
267 311 97
268 358 22
268 327 95
268 360 9
268 361 9
268 339 1
268 374 85
268 408 33
269 348 78
269 296 83
269 314 82
270 294 79
270 424 13
270 365 2
270 395 60
270 397 87
270 272 90
270 401 6
270 312 17
270 315 18
271 289 66
271 359 86
271 317 73
271 335 71
272 294 37
272 424 79
272 397 39
272 395 73
272 365 11
272 382 8
272 401 91
272 312 95
272 315 73
273 417 37
273 385 55
273 295 96
273 305 52
273 438 49
274 321 83
274 306 76
274 419 66
275 360 52
275 404 36
275 336 41
275 339 1
275 374 81
275 318 46
276 302 1
276 356 96
276 341 78
276 280 84
276 346 52
277 369 27
277 342 68
277 375 50
277 376 80
277 426 46
277 349 12
277 446 3
278 282 14
278 285 45
278 350 87
279 303 43
279 384 99
280 356 81
280 296 99
280 341 35
281 422 92
281 300 41
282 301 41
282 350 77
283 322 59
283 308 57
283 421 80
283 445 46
283 351 50
284 290 82
284 444 48
284 425 97
284 368 42
284 402 40
284 388 34
284 344 72
284 316 7
285 302 55
286 389 74
286 329 63
286 293 90
286 411 54
286 352 2
287 381 43
287 423 13
288 355 26
288 298 52
288 332 7
288 370 20
288 307 55
288 413 10
289 393 34
289 386 93
289 441 54
290 388 74
290 402 85
290 425 49
290 298 76
290 370 8
290 344 64
290 316 3
291 415 99
291 440 59
292 335 21
293 329 83
293 338 75
293 337 98
294 394 29
294 365 92
294 397 35
294 334 87
294 401 11
294 312 36
294 315 74
295 385 6
295 391 30
295 305 37
295 330 97
296 314 92
296 348 46
297 449 63
297 396 94
297 416 86
297 392 56
298 355 38
298 388 29
298 370 29
298 307 35
298 378 97
298 413 65
299 325 7
299 442 70
299 433 98
299 447 17
300 422 59
300 347 95
300 414 40
301 406 73
301 350 53
301 400 34
302 341 99
302 437 26
302 346 64
302 356 81
303 384 18
304 324 83
304 400 74
304 406 77
304 444 2
305 385 29
305 311 98
305 418 19
305 417 64
305 438 34
305 390 16
307 355 17
307 332 71
307 370 84
307 413 71
308 322 52
308 410 43
308 445 18
308 351 95
309 338 96
309 400 44
310 363 66
311 418 12
311 390 62
311 326 48
311 438 91
311 320 73
312 395 37
312 365 8
312 334 65
312 366 60
312 401 13
313 353 65
313 323 31
313 362 98
314 326 9
314 390 7
314 427 35
314 348 5
314 320 73
315 365 79
315 397 81
316 368 44
316 425 62
316 402 38
316 435 92
316 380 51
317 335 18
317 359 86
318 374 40
318 404 42
318 336 13
319 396 89
319 429 36
320 418 33
320 438 48
320 390 87
320 326 41
321 419 86
321 379 66
322 421 39
322 410 51
322 445 55
322 351 75
323 423 54
323 362 94
324 406 24
324 394 9
325 345 88
325 442 5
325 447 20
326 418 97
326 438 25
326 390 56
327 449 81
327 396 76
327 358 21
327 360 50
327 361 82
327 339 76
328 378 89
328 333 18
329 337 61
329 338 96
329 411 88
330 385 16
330 403 62
330 391 45
331 420 5
331 408 62
331 339 80
331 358 88
332 355 30
332 347 91
332 399 5
332 413 70
332 414 57
333 355 19
333 399 51
333 378 93
333 379 37
333 413 55
334 401 59
334 406 63
334 394 11
334 366 36
335 359 66
336 424 24
336 395 83
336 382 9
336 404 55
336 412 35
337 338 59
339 420 45
339 358 100
339 360 32
339 361 31
339 408 82
339 374 80
341 356 4
341 437 71
341 346 19
342 387 19
342 375 77
342 426 14
342 446 15
343 433 90
343 364 25
343 383 75
344 388 79
344 425 33
344 402 51
344 444 56
345 421 53
345 377 66
345 447 44
346 356 23
347 422 69
347 399 39
347 414 27
349 369 19
349 375 90
349 376 41
349 426 52
351 410 31
351 445 15
352 389 59
352 411 7
353 372 73
353 362 27
354 366 69
354 409 5
354 430 16
354 448 70
355 399 5
355 370 54
355 413 24
355 378 51
355 414 17
356 437 69
357 372 78
357 448 61
358 420 91
358 360 15
358 408 10
360 361 3
360 374 62
361 449 27
361 396 59
364 428 18
364 433 89
364 373 58
364 383 99
365 424 38
365 397 54
365 382 24
365 395 11
366 401 79
366 430 16
367 391 11
367 434 1
368 402 37
368 380 37
368 425 47
368 435 11
368 405 50
369 387 46
369 375 64
369 376 98
369 426 87
369 446 33
370 388 11
370 413 18
370 378 83
373 428 52
373 432 17
374 404 5
375 387 79
375 426 50
375 446 83
376 407 23
377 421 6
378 399 41
378 413 96
379 399 73
380 425 81
380 405 8
382 424 64
382 395 90
383 428 47
383 433 31
385 418 43
385 390 64
385 427 10
385 438 66
386 441 100
386 410 16
387 426 28
387 446 68
388 402 28
388 425 29
389 411 64
390 418 23
390 438 63
390 427 17
391 434 48
391 403 58
392 449 6
392 396 71
392 416 65
394 401 24
394 406 71
395 424 78
395 412 99
396 449 74
398 450 75
398 431 64
398 416 35
399 414 27
399 413 76
401 430 88
402 425 22
402 444 91
405 443 12
407 443 25
408 420 81
409 448 84
410 441 100
410 445 98
412 429 88
414 422 81
415 440 83
417 438 4
418 438 50
425 435 83
426 446 15
428 433 25
428 434 9
428 432 81
431 450 82
442 447 10
10
1
1
1 2
1 2 3 4
1 2 3 4 5 6 7 8
1 2 3 4 5 6 7 8 9 10 11 12 13 14 15
1 2 3 4 5 6 7 8 9 10 11 12 13 14 15 16 17 18 19 20 21 22 23 24 25 26 27 28 29
1 2 3 4 5 6 7 8 9 10 11 12 13 14 15 16 17 18 19 20 21 22 23 24 25 26 27 28 29 30 31 32 33 34 35 36 37 38 39 40 41 42 43 44 45 46 47 48 49 50 51 52 53 54 55 56 57
1 2 3 4 5 6 7 8 9 10 11 12 13 14 15 16 17 18 19 20 21 22 23 24 25 26 27 28 29 30 31 32 33 34 35 36 37 38 39 40 41 42 43 44 45 46 47 48 49 50 51 52 53 54 55 56 57 58 59 60 61 62 63 64 65 66 67 68 69 70 71 72 73 74 75 76 77 78 79 80 81 82 83 84 85 86 87 88 89 90 91 92 93 94 95 96 97 98 99 100 101 102 103 104 105 106 107 108 109 110 111 112 113
1 2 3 4 5 6 7 8 9 10 11 12 13 14 15 16 17 18 19 20 21 22 23 24 25 26 27 28 29 30 31 32 33 34 35 36 37 38 39 40 41 42 43 44 45 46 47 48 49 50 51 52 53 54 55 56 57 58 59 60 61 62 63 64 65 66 67 68 69 70 71 72 73 74 75 76 77 78 79 80 81 82 83 84 85 86 87 88 89 90 91 92 93 94 95 96 97 98 99 100 101 102 103 104 105 106 107 108 109 110 111 112 113 114 115 116 117 118 119 120 121 122 123 124 125 126 127 128 129 130 131 132 133 134 135 136 137 138 139 140 141 142 143 144 145 146 147 148 149 150 151 152 153 154 155 156 157 158 159 160 161 162 163 164 165 166 167 168 169 170 171 172 173 174 175 176 177 178 179 180 181 182 183 184 185 186 187 188 189 190 191 192 193 194 195 196 197 198 199 200 201 202 203 204 205 206 207 208 209 210 211 212 213 214 215 216 217 218 219 220 221 222 223 224 225
