1217
1 145 82
1 226 50
1 199 83
1 146 90
1 26 17
1 108 21
1 173 4
1 30 41
1 239 100
1 128 48
2 231 66
2 131 63
2 197 43
2 38 16
2 135 9
2 172 31
2 163 76
2 211 48
2 212 50
2 88 20
2 185 28
2 188 81
2 157 99
3 242 36
3 191 75
3 56 98
3 218 44
3 15 25
3 232 3
3 110 78
3 47 60
3 240 72
4 66 18
4 243 1
4 196 63
4 86 79
4 10 36
4 249 68
4 93 2
4 187 59
4 156 23
4 221 56
5 113 25
5 145 85
5 233 11
5 20 49
5 116 43
5 248 39
5 201 98
5 219 53
5 177 84
5 174 52
6 129 21
6 130 8
6 206 34
6 36 19
6 71 11
6 137 95
6 158 34
6 32 5
7 49 35
7 8 86
7 74 21
7 59 64
7 80 23
7 125 27
7 155 44
7 48 67
8 49 54
8 194 26
8 147 51
8 74 100
8 59 13
8 80 82
8 125 60
8 123 21
8 78 43
8 155 33
9 112 18
9 102 78
9 222 49
9 176 27
10 66 82
10 196 86
10 101 71
10 232 26
10 138 53
10 242 87
10 237 73
10 144 31
10 217 34
10 141 8
10 89 58
10 187 2
10 93 18
11 194 17
11 111 1
11 52 68
11 198 81
11 124 16
11 238 26
11 159 60
12 114 12
12 76 25
12 213 2
12 107 34
12 23 26
12 91 90
12 112 40
12 109 47
12 46 54
12 143 91
12 176 67
13 33 17
13 17 96
13 132 73
13 106 60
13 43 38
13 44 48
13 241 57
13 175 3
13 208 40
13 209 49
13 83 30
13 228 87
13 117 61
14 98 25
14 167 48
14 168 94
14 169 33
14 42 59
14 45 4
14 209 72
14 82 6
14 115 67
14 246 3
14 121 35
14 123 48
14 29 39
14 190 91
15 35 50
15 21 82
15 58 66
15 75 52
15 191 10
15 240 80
16 105 73
16 195 56
16 152 6
16 25 71
16 72 44
16 64 69
17 241 31
17 20 30
17 83 28
17 100 40
17 33 32
17 50 21
17 228 64
17 233 42
17 248 77
17 174 69
18 51 77
18 104 95
18 27 14
18 204 34
18 77 87
18 95 29
19 245 29
19 181 69
19 94 63
20 33 15
20 228 73
20 233 97
20 174 35
20 241 62
20 201 3
20 100 41
20 116 47
20 248 14
20 250 11
20 219 31
21 65 3
21 162 26
21 35 27
21 28 13
21 197 5
21 75 20
21 236 77
21 178 78
21 118 66
21 55 17
21 188 76
21 191 59
22 225 73
22 81 34
22 227 10
22 133 59
22 70 35
22 107 17
22 177 70
22 205 84
22 113 25
22 23 25
22 250 23
22 220 13
23 81 23
23 226 99
23 227 77
23 220 87
23 133 69
23 107 84
23 205 93
23 91 79
24 34 31
24 195 95
24 119 99
24 39 24
24 136 13
24 41 71
24 171 88
24 64 77
24 63 84
24 192 97
25 243 59
25 54 3
25 183 31
25 152 68
25 90 18
25 216 1
25 61 52
26 226 77
26 133 34
26 199 81
26 113 76
26 145 77
26 108 59
26 173 77
26 239 3
26 177 78
26 146 39
26 30 51
26 128 7
27 51 28
27 77 88
27 95 65
27 104 70
28 162 43
28 236 15
28 197 90
28 188 59
28 151 81
28 149 16
28 75 39
28 60 85
28 231 35
29 193 20
29 98 11
29 167 30
29 168 43
29 42 97
29 40 26
29 45 32
29 82 1
29 115 40
29 121 48
29 190 63
30 226 66
30 133 29
30 199 36
30 107 45
30 108 69
30 173 13
30 239 18
30 113 56
30 146 56
30 128 15
31 247 89
31 68 97
31 149 92
31 87 23
31 151 67
31 202 11
31 153 31
31 234 93
31 53 13
32 129 66
32 71 33
32 137 51
32 158 73
32 206 44
33 132 48
33 228 22
33 233 42
33 43 83
33 44 38
33 174 22
33 208 39
33 241 49
33 50 34
33 83 14
33 117 64
33 100 82
34 39 66
34 136 34
34 41 4
34 171 32
34 40 100
34 192 28
34 214 27
34 119 57
34 92 100
34 63 50
34 64 80
35 65 54
35 178 17
35 118 5
35 55 98
35 126 25
35 191 23
35 223 86
36 129 94
36 130 10
36 248 25
36 137 65
36 201 76
36 233 90
37 164 23
37 165 10
37 150 31
37 212 2
37 181 36
37 148 29
37 94 95
37 143 1
38 150 4
38 211 17
38 212 37
38 165 86
38 70 4
38 135 78
38 185 92
38 172 80
38 220 72
39 92 20
39 214 72
39 119 77
39 40 81
39 41 82
39 171 85
39 136 26
39 63 56
39 64 6
40 97 33
40 98 86
40 41 46
40 171 19
40 45 55
40 214 95
40 92 98
40 63 15
40 246 60
41 98 89
41 171 33
41 214 100
41 119 61
41 92 44
41 136 30
41 63 63
41 64 12
42 193 6
42 167 9
42 168 37
42 106 99
42 115 56
42 79 2
42 209 93
42 82 81
42 179 78
42 180 96
42 175 22
42 190 6
43 83 91
43 132 79
43 117 65
43 223 44
43 106 71
43 44 25
43 179 34
43 175 79
43 208 71
44 132 43
44 106 79
44 175 60
44 208 70
44 241 53
44 83 71
44 228 11
44 117 25
44 223 81
45 98 38
45 214 64
45 246 50
45 121 84
45 115 72
45 92 49
45 63 31
45 190 69
46 164 46
46 114 40
46 176 99
46 76 39
46 213 61
46 102 62
46 91 32
46 222 74
46 143 84
46 112 46
47 242 5
47 58 88
47 232 46
47 217 79
47 138 76
47 218 54
47 56 54
47 141 16
47 142 49
47 110 52
48 49 29
48 84 78
48 228 34
48 248 74
48 233 14
48 74 43
48 59 69
48 174 7
49 84 77
49 74 64
49 155 42
49 80 71
49 125 43
49 59 19
50 100 41
50 126 52
50 241 68
50 132 15
50 117 11
50 250 25
50 208 8
50 62 60
50 223 39
50 96 18
51 204 28
51 210 55
52 69 9
52 198 67
52 215 83
52 111 80
52 139 46
52 124 8
52 238 54
52 159 29
53 131 11
53 68 13
53 247 54
53 202 20
53 149 63
53 87 62
53 234 97
53 153 3
53 245 8
53 151 59
53 157 38
54 243 76
54 244 97
54 216 21
54 61 34
54 235 37
54 221 55
55 65 20
55 162 84
55 163 27
55 197 45
55 236 91
55 178 79
55 118 34
55 88 57
55 185 55
55 188 89
55 126 63
56 242 62
56 182 78
56 122 70
56 217 66
56 218 87
56 232 93
56 142 57
56 110 58
57 161 37
57 99 42
57 85 62
57 120 70
57 89 7
57 186 34
57 237 49
57 144 84
58 242 84
58 191 74
58 232 84
58 138 67
58 140 46
58 240 62
58 224 32
59 71 66
59 74 75
59 155 66
59 80 94
59 125 46
59 78 21
60 204 79
60 77 40
61 243 99
61 244 77
61 216 48
61 235 9
61 152 48
62 185 98
62 163 55
62 118 49
62 135 51
62 88 12
62 211 23
62 250 33
62 126 57
62 96 24
63 98 66
63 136 8
63 171 89
63 214 94
63 119 26
63 92 62
64 195 25
64 119 45
64 136 41
64 171 35
64 192 19
65 223 77
65 178 99
65 118 96
65 236 76
65 126 79
65 191 73
66 221 79
66 101 88
66 86 14
66 196 38
66 187 98
66 156 37
66 93 47
67 229 50
67 230 45
67 183 84
67 90 56
67 154 12
67 203 92
67 189 42
67 160 28
68 247 36
68 87 20
68 151 4
68 234 81
68 153 48
68 202 39
68 204 40
69 111 53
69 215 100
69 139 73
69 124 100
69 238 29
69 127 40
70 225 13
70 211 47
70 165 57
70 135 84
70 185 39
70 205 75
70 220 8
70 150 80
71 80 52
71 125 31
71 158 25
71 206 4
72 195 25
72 229 63
72 152 15
72 105 82
72 203 61
72 160 69
73 193 45
73 179 84
73 180 33
73 134 8
73 218 72
73 170 12
73 110 88
73 79 77
73 182 75
74 147 49
74 84 58
74 80 41
74 125 41
74 155 11
74 78 64
75 162 41
75 236 71
75 191 97
75 240 70
76 166 82
76 107 3
76 109 30
76 143 68
76 176 32
76 114 34
76 213 98
76 91 32
76 112 39
76 222 78
77 104 6
77 204 92
77 95 41
78 194 44
78 147 21
78 155 55
78 124 70
78 125 69
78 123 77
78 80 14
79 193 32
79 179 29
79 180 60
79 182 47
79 170 72
79 134 4
80 155 21
80 125 10
81 225 11
81 226 21
81 227 58
81 133 11
81 113 41
81 107 11
81 108 96
81 205 62
81 177 25
81 250 37
81 219 8
82 209 3
82 115 44
82 84 61
82 167 35
82 168 10
82 106 5
82 190 46
83 241 96
83 100 26
83 132 26
83 106 36
83 174 55
83 175 62
83 209 83
83 228 17
83 117 47
84 209 36
84 106 22
84 167 40
84 123 79
84 168 59
85 161 49
85 99 12
85 186 28
85 120 13
86 243 69
86 216 70
86 249 32
86 156 9
86 221 68
87 131 19
87 247 70
87 234 57
87 149 22
87 245 27
87 151 81
87 202 90
87 153 93
87 157 37
88 163 56
88 236 30
88 197 17
88 231 44
88 135 30
88 172 80
88 178 79
88 211 60
88 118 98
88 185 48
88 188 74
88 126 8
89 99 14
89 101 27
89 232 6
89 237 98
89 217 88
89 144 2
89 242 92
89 141 93
89 120 59
89 138 16
89 186 39
89 187 52
89 93 63
89 224 9
90 230 87
90 183 35
90 152 18
90 154 52
90 216 43
90 189 19
90 243 10
91 114 62
91 227 13
91 133 33
91 146 74
91 107 27
91 109 47
92 246 14
92 98 27
92 171 13
92 207 18
92 214 65
93 101 14
93 141 8
93 144 31
93 196 66
93 237 46
93 184 30
93 217 55
93 187 22
93 221 2
94 164 69
94 212 42
94 181 39
94 150 3
94 165 67
94 148 40
95 140 34
95 104 58
96 225 96
96 100 73
96 250 45
96 219 21
96 205 39
97 235 52
97 214 92
97 119 5
98 115 9
98 214 15
98 121 92
98 246 46
99 161 87
99 101 58
99 186 98
99 120 28
99 237 40
99 184 52
99 144 97
100 241 49
100 228 54
100 233 1
100 174 69
100 116 83
100 250 12
100 219 58
101 161 17
101 196 76
101 237 88
101 144 33
101 184 98
101 186 25
101 187 72
102 176 71
102 213 98
102 112 36
102 222 69
103 169 84
103 246 81
103 207 74
105 203 10
105 229 1
105 195 84
106 167 27
106 168 89
106 175 94
106 209 34
106 115 48
106 190 50
107 226 15
107 227 26
107 133 26
107 146 45
108 113 12
108 227 11
108 133 6
108 199 44
108 226 43
108 177 60
108 173 87
108 239 43
108 146 64
108 128 98
109 114 97
109 166 35
109 199 85
109 146 45
109 112 56
110 182 40
110 218 26
110 142 4
111 198 67
111 215 56
111 139 85
111 124 23
111 238 44
112 114 2
112 222 55
112 213 59
112 143 35
112 176 32
113 225 11
113 226 23
113 227 65
113 133 24
113 205 9
113 239 22
113 177 97
113 116 43
113 250 21
113 219 51
113 128 15
114 166 98
115 193 74
115 167 2
115 168 65
115 209 58
115 190 44
116 177 34
116 201 27
116 248 65
116 233 96
116 250 94
116 219 35
117 132 44
117 175 11
117 208 84
117 241 86
117 228 20
117 223 46
118 236 99
118 163 63
118 126 38
118 178 29
118 185 21
118 223 86
119 195 68
119 214 50
119 136 27
119 171 78
120 161 57
120 186 2
120 237 4
120 144 7
121 147 26
121 246 73
121 167 72
121 169 80
121 123 74
121 190 74
122 244 40
122 182 85
122 235 59
122 200 95
122 142 7
123 194 64
123 147 71
123 167 38
123 169 70
124 198 88
124 215 6
124 139 11
124 125 46
124 238 33
125 155 55
126 178 56
126 163 13
126 185 14
126 223 79
127 139 44
127 215 76
128 226 70
128 133 41
128 199 12
128 173 20
128 239 92
128 177 80
128 146 34
129 145 18
129 201 10
129 130 86
129 137 29
129 158 64
130 145 96
130 201 38
130 137 20
131 212 98
131 149 99
131 231 1
131 202 91
131 245 92
131 172 17
131 157 69
132 175 4
132 179 99
132 223 16
132 208 87
133 227 88
133 226 14
133 177 15
133 205 97
133 239 73
133 146 56
134 193 50
134 179 57
134 180 52
134 182 37
134 170 1
135 163 43
135 197 27
135 231 52
135 172 57
135 211 92
135 212 56
135 185 18
135 188 6
136 195 65
136 171 27
136 192 5
137 201 64
137 158 75
137 206 71
138 196 90
138 232 39
138 140 32
138 141 77
138 144 64
138 217 96
138 242 91
138 224 28
139 215 87
139 238 33
140 224 73
140 240 91
141 196 37
141 232 55
141 142 31
141 144 10
141 242 35
141 221 71
141 217 92
141 187 92
142 196 55
142 232 88
142 200 20
142 242 57
142 244 59
142 182 73
142 217 62
143 176 83
143 148 50
143 213 60
143 164 36
143 165 41
143 222 97
144 196 34
144 232 76
144 217 39
144 242 95
144 186 35
144 237 64
144 187 40
145 201 36
145 173 85
145 239 51
146 226 5
146 166 83
146 199 45
146 173 84
146 239 12
147 194 60
147 155 97
147 169 67
148 212 98
148 181 25
148 150 89
148 165 68
148 164 2
149 247 11
149 188 10
149 231 50
149 151 28
149 202 66
149 157 55
150 212 18
150 165 89
150 220 19
151 247 26
151 202 88
151 153 46
151 234 22
151 157 89
152 183 99
153 247 36
153 202 78
153 234 94
154 229 65
154 230 96
154 183 2
154 203 56
154 189 53
154 160 34
155 194 4
156 243 62
156 216 54
156 249 25
156 221 64
157 172 63
157 245 84
157 231 40
157 202 52
157 188 77
158 206 69
159 194 73
159 198 38
160 229 54
160 230 79
160 203 40
160 189 12
161 184 13
161 186 45
161 187 97
161 237 81
162 178 75
162 188 68
162 197 16
162 236 25
162 191 6
163 172 26
163 197 13
163 231 45
163 236 93
163 178 69
163 211 79
163 185 23
163 188 70
164 213 51
164 222 58
164 176 85
165 212 60
165 181 9
165 220 82
166 199 6
167 168 42
167 209 61
167 190 55
168 209 53
168 190 12
169 194 49
169 246 35
169 207 35
170 193 4
170 179 70
170 180 36
170 182 4
171 214 82
171 192 69
172 197 56
172 211 12
172 212 46
172 185 71
172 188 93
172 231 72
173 226 58
173 199 12
173 239 58
174 228 27
174 201 38
174 241 12
174 248 65
174 219 15
174 233 32
175 209 30
175 179 53
175 208 76
176 213 12
176 222 46
177 225 46
177 226 60
177 227 93
177 205 29
177 239 91
177 250 23
177 219 79
178 197 41
178 236 97
178 188 31
179 193 46
179 180 2
180 193 97
180 182 75
181 212 41
181 245 80
182 200 80
182 218 59
183 243 87
183 230 55
183 189 2
183 216 79
184 186 3
184 187 73
184 237 5
185 211 26
186 187 62
186 237 9
187 196 36
187 237 2
188 197 91
188 231 83
188 236 37
188 211 24
189 229 44
189 230 48
189 203 74
190 193 91
190 209 39
191 240 55
192 195 91
194 198 56
196 232 62
196 237 34
196 242 75
196 221 7
196 217 100
197 231 40
197 236 62
199 226 7
199 239 10
200 235 25
200 244 69
201 233 71
201 248 52
201 219 79
202 247 26
202 234 90
202 245 60
203 229 52
203 230 62
204 234 75
205 225 27
205 227 98
205 250 51
205 219 100
207 246 79
208 223 38
211 220 49
211 231 81
211 212 62
212 220 8
213 222 69
215 238 88
216 243 84
216 249 64
217 232 63
217 242 27
219 225 46
219 241 6
219 233 13
219 248 4
219 250 93
220 225 43
221 243 83
221 249 37
224 240 9
225 227 40
225 250 84
226 227 51
226 239 59
227 250 34
228 241 13
228 233 16
228 248 60
229 230 64
231 236 4
232 242 2
233 241 47
233 248 53
234 247 80
235 244 22
241 248 11
243 249 22
10
1
1
1
1 2
1 2 3 4
1 2 3 4 5 6 7 8
1 2 3 4 5 6 7 8 9 10 11 12 13 14 15 16
1 2 3 4 5 6 7 8 9 10 11 12 13 14 15 16 17 18 19 20 21 22 23 24 25 26 27 28 29 30 31 32
1 2 3 4 5 6 7 8 9 10 11 12 13 14 15 16 17 18 19 20 21 22 23 24 25 26 27 28 29 30 31 32 33 34 35 36 37 38 39 40 41 42 43 44 45 46 47 48 49 50 51 52 53 54 55 56 57 58 59 60 61 62 63
1 2 3 4 5 6 7 8 9 10 11 12 13 14 15 16 17 18 19 20 21 22 23 24 25 26 27 28 29 30 31 32 33 34 35 36 37 38 39 40 41 42 43 44 45 46 47 48 49 50 51 52 53 54 55 56 57 58 59 60 61 62 63 64 65 66 67 68 69 70 71 72 73 74 75 76 77 78 79 80 81 82 83 84 85 86 87 88 89 90 91 92 93 94 95 96 97 98 99 100 101 102 103 104 105 106 107 108 109 110 111 112 113 114 115 116 117 118 119 120 121 122 123 124 125
