1324
1 98 1
1 54 71
1 84 23
1 70 7
1 179 100
1 185 17
1 155 71
1 169 96
1 61 22
1 62 73
1 174 88
2 66 37
2 4 37
2 73 49
2 111 21
2 17 23
2 117 14
2 214 19
2 23 1
2 56 55
2 122 43
2 27 99
2 191 44
3 36 91
3 71 40
3 103 95
3 178 48
3 11 47
3 144 19
3 50 16
3 215 89
3 184 69
3 249 10
3 186 86
3 219 100
3 189 13
4 33 78
4 66 34
4 214 72
4 135 24
4 56 9
4 117 3
4 23 93
4 17 22
4 111 27
4 134 55
5 49 52
5 161 89
5 131 21
5 177 55
5 125 79
5 44 12
5 173 15
5 126 69
5 29 7
5 238 16
6 103 47
6 204 38
6 109 94
6 14 32
6 144 53
6 215 10
6 184 52
6 250 2
6 219 71
6 189 10
6 222 48
6 95 74
7 162 24
7 11 14
7 228 24
7 39 23
7 203 54
7 124 84
7 107 6
7 192 32
8 130 59
8 101 48
8 242 18
8 165 13
8 156 7
8 94 44
8 79 65
9 177 26
9 49 82
9 168 30
9 64 87
9 29 61
9 16 20
10 105 57
10 227 96
10 102 81
10 151 11
10 159 62
10 73 58
10 59 7
10 77 36
10 115 13
10 175 94
10 191 92
11 162 25
11 228 8
11 39 92
11 178 46
11 144 33
11 50 54
11 36 95
11 249 80
11 186 87
11 219 5
11 189 62
12 85 27
12 63 76
12 121 98
12 92 38
12 45 57
12 94 83
12 79 12
13 225 65
13 33 10
13 76 15
13 134 87
13 66 79
13 202 23
13 139 9
13 120 86
13 111 85
13 241 40
13 21 94
13 247 16
13 56 61
13 122 85
13 27 65
13 190 63
13 216 7
14 114 43
14 222 23
14 204 55
14 250 3
15 131 100
15 52 50
15 53 58
15 246 32
15 24 2
15 41 41
15 235 75
15 44 91
15 110 83
16 99 7
16 68 30
16 133 93
16 230 96
16 136 73
16 106 49
16 236 65
16 142 64
16 240 90
16 210 24
16 57 46
16 69 77
16 64 87
16 96 62
17 114 94
17 117 94
17 214 82
17 135 85
17 66 18
17 250 6
17 23 39
18 193 36
18 68 74
18 133 92
18 199 8
18 167 87
18 40 4
18 171 8
18 236 4
18 143 86
18 210 20
18 26 70
18 123 100
18 28 71
18 136 30
18 64 92
19 130 8
19 51 1
19 198 29
19 41 4
19 156 51
19 237 36
19 38 18
19 127 36
19 246 91
20 145 93
20 84 96
20 164 2
20 229 78
20 70 88
20 213 5
20 224 75
21 33 19
21 241 27
21 134 46
21 247 72
21 216 52
21 120 78
21 56 56
21 76 24
21 225 40
21 111 7
22 145 38
22 226 55
22 164 58
22 181 29
22 87 45
22 152 56
22 201 28
22 229 100
22 91 55
23 135 83
23 138 36
23 46 52
23 114 35
23 117 14
23 214 40
23 250 23
23 222 53
23 95 94
24 246 84
24 52 13
24 100 55
24 245 100
24 132 73
24 90 76
24 235 30
24 53 27
24 110 16
24 48 89
25 212 34
25 221 42
25 188 66
25 88 79
25 32 58
25 170 23
25 172 71
25 205 84
25 112 76
26 68 31
26 199 94
26 168 49
26 171 93
26 136 48
26 210 39
26 236 65
26 133 58
26 123 58
26 28 19
26 40 87
26 64 75
27 33 34
27 66 23
27 76 58
27 134 96
27 73 95
27 202 65
27 139 59
27 56 18
27 111 36
27 216 85
27 122 32
27 190 67
27 191 17
28 193 55
28 68 89
28 133 60
28 167 76
28 199 5
28 171 49
28 40 84
28 143 16
28 210 80
28 236 33
28 123 99
28 136 7
28 64 1
29 177 69
29 49 71
29 131 87
29 161 5
29 125 41
29 238 65
30 50 22
30 180 79
30 188 56
30 71 97
30 88 42
30 172 33
30 86 45
30 112 24
31 89 54
31 149 4
31 239 55
31 232 54
31 233 59
31 234 30
31 207 8
31 176 7
32 212 85
32 188 39
32 88 3
32 205 24
32 172 12
32 221 9
32 170 9
33 66 91
33 134 48
33 56 55
33 141 30
33 211 100
33 111 18
33 241 15
33 76 2
33 247 92
33 120 56
33 122 22
33 216 49
34 115 37
34 196 78
34 197 80
34 71 88
34 183 11
34 184 89
34 105 94
34 208 59
34 160 75
35 163 71
35 148 54
35 244 59
35 55 15
35 74 98
35 104 82
35 137 26
35 58 13
35 60 17
36 50 42
36 71 41
36 178 59
36 249 53
36 186 81
36 219 40
36 189 43
36 144 52
37 73 50
37 77 38
37 151 1
37 159 100
37 191 53
38 130 24
38 51 64
38 198 40
38 168 23
38 156 5
38 237 67
38 127 39
39 162 73
39 228 85
39 186 27
39 203 31
39 107 28
40 193 83
40 68 71
40 133 18
40 199 65
40 210 87
40 171 55
40 236 51
40 143 13
40 123 25
40 136 57
40 64 73
41 131 16
41 52 80
41 53 73
41 246 1
41 198 8
41 237 82
41 127 61
41 110 84
42 129 16
42 163 48
42 148 88
42 166 69
42 72 87
42 200 49
42 243 53
42 47 36
42 80 88
42 81 68
42 146 14
42 147 59
42 116 26
42 55 68
42 217 52
42 58 68
42 223 25
42 128 36
43 100 15
43 194 65
43 83 17
43 140 17
43 132 32
43 90 67
43 108 93
43 48 24
44 161 38
44 131 18
44 235 91
44 173 11
44 238 1
44 110 15
44 49 4
44 52 33
44 245 88
44 53 63
44 125 62
44 126 22
45 98 33
45 85 90
45 63 52
45 169 36
45 155 84
45 92 88
45 61 42
45 79 71
46 115 15
46 117 29
46 102 29
46 138 70
46 105 34
46 197 47
46 95 75
46 227 7
46 175 53
46 214 51
47 146 95
47 243 68
47 116 30
47 166 39
47 119 52
47 72 29
47 217 28
47 80 3
48 65 26
48 209 79
48 83 91
48 100 39
48 245 74
48 132 32
48 90 15
48 235 4
48 108 12
49 161 3
49 131 10
49 173 44
49 238 37
49 110 34
49 177 2
49 125 10
49 126 83
50 180 33
50 71 24
50 86 69
51 130 74
51 165 14
51 168 28
51 121 19
51 156 45
51 237 89
51 94 50
51 127 12
51 198 81
52 100 53
52 245 80
52 246 42
52 90 47
52 235 76
52 110 28
52 53 58
53 161 62
53 131 12
53 100 1
53 235 99
53 173 89
53 110 81
53 245 34
53 90 95
53 125 67
53 126 38
54 98 78
54 70 1
54 169 19
54 174 8
54 179 55
54 84 47
54 85 73
54 185 25
54 155 40
54 61 40
54 62 35
54 63 40
55 129 96
55 163 39
55 148 29
55 166 53
55 104 76
55 137 53
55 72 68
55 146 52
55 244 31
55 74 78
55 58 97
55 223 4
56 66 94
56 134 98
56 135 1
56 141 8
56 76 80
56 111 34
56 241 100
56 211 18
56 247 13
56 216 41
56 122 46
56 120 81
57 69 76
57 99 98
57 133 87
57 230 35
57 136 69
57 106 85
57 142 10
57 96 83
58 129 91
58 148 35
58 166 89
58 104 28
58 74 83
58 200 21
58 163 72
58 243 41
58 81 16
58 146 15
58 147 31
58 244 89
58 72 70
58 223 89
59 105 25
59 218 19
59 102 52
59 159 15
60 137 17
60 74 34
60 244 59
60 104 2
61 98 50
61 169 68
61 174 43
61 179 28
61 85 93
61 185 73
61 155 17
61 92 34
61 62 34
61 63 86
62 185 51
62 179 6
62 84 11
62 70 97
62 169 12
62 155 61
62 174 82
63 98 77
63 85 6
63 169 67
63 155 38
63 92 97
64 68 52
64 133 3
64 230 20
64 199 86
64 136 64
64 210 89
64 236 30
64 123 50
64 168 96
65 209 21
65 245 75
66 134 38
66 216 37
66 141 21
66 111 55
66 241 36
66 211 82
66 247 54
66 122 24
66 120 16
66 135 1
67 108 31
68 193 91
68 236 77
68 133 76
68 230 16
68 199 79
68 171 92
68 167 21
68 143 36
68 210 21
68 123 35
68 136 20
69 150 14
69 99 64
69 133 97
69 230 35
69 136 87
69 106 69
69 142 99
69 240 75
69 211 98
69 118 36
69 157 37
69 96 33
70 179 79
70 84 92
70 213 35
70 224 62
70 174 29
71 180 87
71 86 81
71 183 95
71 188 60
71 196 73
71 160 52
72 129 20
72 200 69
72 147 86
72 80 23
72 81 72
72 146 70
72 243 19
72 116 39
72 217 95
72 223 44
72 128 16
73 117 63
73 214 15
73 151 75
73 77 77
73 159 18
73 191 38
74 244 18
74 148 47
74 166 40
74 104 51
74 137 31
74 163 98
75 82 22
75 228 84
75 215 46
75 249 40
75 186 29
75 219 14
75 204 76
75 189 44
75 78 94
76 225 72
76 134 67
76 202 76
76 139 88
76 216 66
76 111 51
76 158 7
76 241 8
76 122 71
76 154 32
76 190 55
77 159 8
77 151 21
77 191 63
78 82 86
78 228 3
78 215 49
78 186 82
78 219 56
78 204 13
79 242 39
79 92 94
79 165 32
79 94 59
80 119 94
80 200 67
80 243 5
80 116 71
80 87 79
80 152 23
80 217 57
80 91 14
80 128 17
81 129 84
81 200 84
81 243 73
81 143 10
81 240 72
81 146 70
81 147 32
81 217 19
81 223 69
81 128 75
82 178 92
82 228 79
82 215 55
82 249 22
82 186 98
82 219 16
82 204 44
82 189 71
82 144 7
83 194 49
83 100 29
83 140 31
83 132 66
83 90 49
83 108 89
84 145 23
84 179 80
84 213 36
84 174 77
84 224 77
85 185 80
85 179 85
85 98 28
85 169 20
85 155 36
85 174 34
86 172 48
86 183 87
86 88 81
86 180 63
86 188 56
86 112 44
87 226 24
87 164 9
87 229 66
87 119 53
87 152 21
87 201 43
87 181 17
87 91 40
88 180 60
88 170 61
88 172 94
88 205 54
88 112 67
88 212 74
88 183 78
88 188 100
88 221 100
89 239 4
89 149 20
89 207 66
89 232 77
89 233 56
89 176 29
90 100 63
90 132 6
90 235 24
90 108 22
90 209 3
90 245 12
91 167 10
91 201 38
91 143 53
91 243 39
91 116 19
91 181 43
91 152 3
91 217 47
91 128 51
92 98 83
93 153 14
93 220 92
93 246 17
94 130 33
94 156 46
94 165 79
94 242 29
94 121 1
94 101 72
95 227 40
95 103 90
95 138 69
95 109 34
95 175 86
95 144 5
95 184 19
95 250 11
95 222 22
96 99 8
96 230 98
96 135 43
96 136 6
96 106 59
96 142 2
96 240 2
96 211 4
96 150 62
96 133 74
96 157 42
96 118 73
97 113 1
97 195 21
97 206 5
97 248 31
98 169 6
98 174 43
98 179 86
98 185 75
98 155 16
99 133 38
99 230 70
99 136 44
99 106 62
99 142 21
100 132 45
100 108 43
100 209 3
100 245 14
100 235 62
101 130 41
101 165 32
101 242 3
102 227 16
102 197 85
102 105 29
102 138 92
102 175 76
102 208 2
102 115 85
102 218 95
102 159 47
103 204 82
103 109 14
103 144 92
103 178 14
103 215 14
103 184 72
103 249 49
103 186 5
103 219 85
103 250 58
103 189 50
103 222 6
104 129 62
104 148 80
104 244 11
104 137 86
104 163 10
104 223 100
105 227 94
105 197 92
105 138 34
105 175 10
105 208 41
105 115 43
105 218 95
105 160 37
106 133 60
106 230 35
106 136 12
106 142 88
106 240 19
106 211 70
106 150 3
106 157 98
106 118 72
107 162 68
107 228 46
107 182 45
107 203 38
107 124 12
107 192 2
108 209 11
108 132 39
109 138 22
109 204 9
109 144 19
109 178 47
109 215 42
109 184 70
109 250 38
109 219 95
109 189 9
109 222 46
110 161 46
110 131 78
110 235 61
110 173 34
110 245 93
110 125 94
110 126 88
111 134 35
111 202 49
111 139 41
111 241 6
111 122 78
111 190 8
111 216 66
112 180 14
112 205 82
112 172 48
112 221 39
113 194 8
113 195 12
113 248 84
113 140 29
113 206 66
114 222 48
114 135 93
114 250 75
114 142 1
115 227 8
115 197 76
115 138 79
115 175 82
116 146 35
116 243 61
116 128 39
116 119 87
116 217 65
116 200 49
117 227 75
117 214 70
117 138 60
117 175 76
118 241 46
118 211 53
118 150 99
118 247 78
118 120 10
118 157 88
118 141 62
118 240 47
119 226 28
119 152 50
119 217 11
120 134 92
120 141 96
120 216 42
120 241 35
120 211 56
120 247 22
120 157 56
120 150 59
121 130 22
121 156 40
122 134 46
122 202 14
122 139 93
122 190 77
122 241 4
122 216 53
122 154 38
122 158 59
123 193 30
123 133 89
123 230 22
123 199 78
123 171 96
123 236 73
123 136 76
123 143 37
123 210 63
123 167 81
124 162 64
124 182 46
124 231 91
124 187 99
124 192 46
125 161 14
125 177 49
125 131 89
125 173 74
125 238 66
125 126 85
126 161 27
126 131 49
126 173 11
126 238 86
127 198 93
127 168 67
127 156 100
127 237 43
128 167 9
128 200 52
128 243 79
128 143 38
128 240 80
128 146 97
128 147 69
128 217 20
129 163 37
129 148 87
129 243 28
129 146 61
129 147 11
129 244 24
129 200 1
129 223 21
130 165 94
130 237 42
130 242 29
130 156 89
130 198 76
131 161 68
131 173 91
131 238 91
131 177 79
132 194 93
132 235 8
133 230 70
133 199 37
133 136 64
133 210 60
133 236 48
133 143 68
133 240 53
134 141 62
134 241 4
134 211 59
134 247 100
134 216 21
135 142 44
136 230 33
136 199 95
136 236 55
136 143 98
136 210 95
136 240 98
137 148 31
137 244 84
137 163 87
138 227 12
138 197 16
138 175 3
138 184 94
138 222 61
139 225 19
139 202 10
139 216 14
139 154 92
139 190 52
139 158 95
140 194 7
140 195 53
140 248 67
141 241 94
141 211 54
141 247 60
141 157 79
141 216 37
141 150 92
143 199 6
143 230 18
143 167 14
143 240 47
143 210 52
143 236 60
144 204 17
144 178 46
144 215 33
144 184 23
144 249 82
144 186 46
144 219 64
144 189 30
145 213 2
145 201 93
145 229 73
145 164 30
146 163 2
146 148 10
146 166 18
146 200 97
146 243 5
146 147 14
146 217 2
146 223 34
147 243 79
147 200 93
147 223 17
147 240 85
148 163 52
148 244 25
148 223 92
149 207 92
149 239 10
149 232 19
149 234 21
149 176 55
150 241 76
150 247 17
150 240 85
150 157 34
150 211 57
151 159 72
151 175 86
151 191 8
152 217 70
152 164 25
152 229 29
152 226 90
152 201 96
153 220 78
154 225 64
154 202 6
154 234 64
154 158 40
154 190 95
155 169 92
155 174 9
155 179 16
155 185 94
156 165 4
156 198 17
156 237 3
156 242 1
157 211 84
157 230 57
157 240 74
158 225 46
158 202 85
158 234 1
158 190 1
159 227 34
159 191 64
159 175 35
160 196 20
160 197 87
160 183 54
160 170 53
160 188 97
160 212 2
160 208 27
161 173 74
161 238 93
161 177 90
162 182 76
162 231 9
162 203 6
162 187 5
162 192 32
163 166 15
163 244 38
163 223 19
164 226 22
164 229 85
164 201 50
164 213 41
165 242 43
167 193 8
167 199 68
167 210 39
167 236 87
167 181 67
168 237 76
169 174 17
169 179 73
169 185 84
170 196 70
170 180 13
170 172 73
170 205 58
170 208 93
170 212 62
170 183 96
170 188 28
170 221 29
171 193 70
171 181 49
171 199 46
171 210 53
171 236 92
172 212 60
172 205 98
172 180 66
172 183 41
172 188 9
172 221 79
173 177 21
173 238 5
174 179 90
174 185 30
174 213 51
175 227 35
175 197 7
175 214 46
176 207 100
176 239 47
176 232 89
176 234 51
177 238 39
178 215 47
178 184 55
178 249 38
178 186 71
178 219 39
178 189 37
179 185 47
180 188 20
180 183 32
181 193 98
181 201 18
182 231 41
182 187 97
182 192 6
183 196 65
183 208 11
183 188 5
183 212 27
184 196 67
184 197 99
184 219 16
184 189 73
186 228 49
186 204 13
186 215 21
186 249 90
186 219 38
186 189 73
187 231 84
187 192 68
188 196 33
188 205 96
188 208 4
188 212 12
189 228 15
189 204 10
189 215 82
189 249 64
189 219 83
190 225 7
190 216 53
190 202 80
192 203 17
192 231 60
193 199 57
193 201 78
193 236 25
194 195 51
194 248 10
195 248 89
195 206 14
196 212 7
196 197 35
196 208 90
197 227 2
197 208 57
198 237 78
199 230 32
199 236 93
199 210 94
200 243 38
200 217 98
200 223 29
201 226 92
201 229 41
202 225 64
202 216 37
203 228 30
204 228 62
204 215 50
204 249 89
204 219 100
205 212 14
205 221 17
206 248 12
207 233 25
207 232 21
207 234 83
207 239 49
208 212 56
209 245 10
210 230 61
210 236 33
210 240 54
211 241 72
211 247 96
213 229 38
213 224 91
214 227 23
215 228 84
215 249 48
215 219 86
216 225 99
216 241 78
216 247 8
217 243 48
219 228 85
219 249 21
222 250 25
223 244 53
223 243 91
225 234 69
226 229 11
228 249 22
230 236 78
230 240 45
232 233 82
232 234 12
232 239 5
233 239 89
234 239 4
235 245 4
235 246 41
241 247 47
10
1
1
1
1 2
1 2 3 4
1 2 3 4 5 6 7 8
1 2 3 4 5 6 7 8 9 10 11 12 13 14 15 16
1 2 3 4 5 6 7 8 9 10 11 12 13 14 15 16 17 18 19 20 21 22 23 24 25 26 27 28 29 30 31 32
1 2 3 4 5 6 7 8 9 10 11 12 13 14 15 16 17 18 19 20 21 22 23 24 25 26 27 28 29 30 31 32 33 34 35 36 37 38 39 40 41 42 43 44 45 46 47 48 49 50 51 52 53 54 55 56 57 58 59 60 61 62 63
1 2 3 4 5 6 7 8 9 10 11 12 13 14 15 16 17 18 19 20 21 22 23 24 25 26 27 28 29 30 31 32 33 34 35 36 37 38 39 40 41 42 43 44 45 46 47 48 49 50 51 52 53 54 55 56 57 58 59 60 61 62 63 64 65 66 67 68 69 70 71 72 73 74 75 76 77 78 79 80 81 82 83 84 85 86 87 88 89 90 91 92 93 94 95 96 97 98 99 100 101 102 103 104 105 106 107 108 109 110 111 112 113 114 115 116 117 118 119 120 121 122 123 124 125
