2306
1 354 34
1 57 49
1 137 60
1 125 37
1 203 6
1 157 91
2 321 5
2 353 15
2 107 39
2 327 32
2 169 77
2 59 86
2 251 46
2 207 24
3 291 86
3 69 43
3 39 85
3 168 41
3 394 4
3 45 85
3 270 40
3 249 41
3 246 98
3 89 19
3 218 95
3 315 20
3 316 85
3 286 50
4 210 11
4 243 76
4 84 70
4 181 31
4 106 22
4 27 83
4 141 13
4 253 60
4 206 38
4 287 50
5 161 12
5 33 22
5 356 10
5 230 81
5 361 41
5 202 71
5 334 67
5 336 18
5 337 73
5 242 56
5 309 78
5 214 38
5 345 94
5 346 97
5 347 71
5 189 13
5 254 83
5 64 64
6 322 48
6 231 55
6 104 27
6 362 59
6 171 39
6 8 89
6 205 45
6 79 18
6 244 70
6 341 37
6 183 89
6 379 31
6 348 62
7 257 38
7 386 7
7 389 15
7 294 52
7 263 59
7 48 99
7 343 32
7 108 25
7 237 4
7 272 56
7 114 12
7 371 59
7 342 45
7 215 70
7 377 25
7 283 82
7 156 41
7 61 87
7 63 93
7 38 60
8 322 30
8 205 74
8 231 84
8 104 64
8 276 95
8 362 76
8 200 21
8 109 31
8 77 69
8 339 37
8 244 44
8 341 3
8 54 83
8 183 24
8 26 3
8 348 50
8 221 11
8 384 11
9 33 43
9 161 22
9 197 44
9 49 2
9 42 93
9 334 31
9 15 42
9 110 56
9 93 50
9 50 1
9 309 79
9 202 58
9 346 36
9 347 45
9 189 97
9 254 73
9 64 45
10 193 87
10 162 97
10 311 86
10 250 99
11 259 96
11 324 9
11 137 86
11 235 75
11 76 98
11 173 16
11 335 31
11 17 30
11 306 3
11 87 84
11 56 88
11 201 40
11 139 80
12 209 98
12 177 6
12 132 27
12 159 19
12 216 8
12 331 45
12 256 35
12 152 1
12 350 72
12 175 52
12 94 63
13 385 87
13 67 37
13 105 40
13 28 89
13 381 74
13 126 70
13 80 13
14 145 54
14 130 44
14 35 91
14 300 60
14 373 89
14 143 37
14 103 92
14 312 77
14 122 49
14 236 5
14 383 43
15 50 61
15 163 96
15 197 23
15 154 28
15 378 70
15 93 96
15 16 20
16 34 39
16 163 32
16 100 21
16 330 8
16 301 50
16 206 28
16 240 47
16 83 22
16 84 43
16 181 30
16 378 93
16 31 5
17 329 4
17 259 70
17 324 83
17 134 36
17 137 23
17 173 78
17 139 84
17 365 81
17 222 4
17 306 28
17 280 6
17 201 74
18 101 30
18 229 37
18 400 27
18 277 52
18 245 86
18 359 14
18 284 25
18 53 36
18 79 100
18 208 30
19 115 48
19 133 7
19 198 31
19 149 72
19 140 7
19 174 85
19 367 95
20 396 82
20 101 98
20 103 3
20 199 60
20 373 52
20 313 5
20 229 79
20 208 41
20 143 60
20 53 86
21 386 17
21 228 30
21 136 59
21 363 92
21 268 78
21 397 1
21 371 100
21 372 64
21 153 2
21 156 39
21 285 59
21 224 24
22 225 97
22 81 12
22 267 46
22 183 43
22 295 46
22 200 14
22 266 68
22 171 39
22 76 82
22 205 68
22 369 62
22 77 13
22 43 24
22 375 42
22 56 73
22 282 88
22 379 94
22 62 55
23 209 79
23 194 4
23 355 57
23 292 61
23 37 22
23 278 90
23 152 27
23 121 47
23 175 35
24 323 2
24 232 4
24 45 70
24 44 5
24 333 36
24 46 81
24 238 89
24 274 25
24 86 2
24 186 40
24 286 42
24 160 73
25 130 66
25 116 53
25 279 85
25 40 37
25 146 22
25 376 56
25 366 16
25 176 70
26 322 3
26 135 78
26 231 95
26 109 88
26 205 11
26 305 45
26 339 45
26 244 32
26 341 38
26 54 15
26 183 84
26 362 50
26 348 18
26 221 18
26 384 42
27 210 21
27 243 58
27 351 27
27 117 19
27 150 20
27 34 37
27 29 69
27 203 12
27 141 99
27 287 92
28 321 95
28 67 45
28 317 27
28 105 10
28 80 59
28 381 32
28 126 60
28 191 13
28 302 91
29 34 29
29 201 42
29 235 84
29 141 31
29 83 24
29 210 35
29 243 47
29 117 73
29 351 94
29 265 17
29 203 15
29 287 36
30 85 43
30 370 23
30 380 94
30 132 54
30 164 91
30 204 57
30 252 15
30 298 26
30 44 27
31 34 94
31 295 87
31 265 26
31 330 79
31 43 14
31 56 32
31 301 40
31 83 59
31 375 22
31 266 64
31 378 11
31 240 79
31 351 51
32 357 26
32 261 30
32 358 97
32 71 28
32 120 35
33 161 61
33 197 32
33 42 6
33 110 25
33 334 12
33 309 88
33 214 42
33 202 20
33 347 6
33 189 16
33 254 84
33 64 23
34 100 52
34 83 63
34 351 38
34 265 35
34 330 95
34 141 60
34 206 33
34 243 31
34 210 53
34 287 32
34 84 73
34 181 92
34 253 96
34 378 37
34 240 94
35 145 17
35 376 29
35 300 75
35 118 93
35 72 83
35 122 42
35 236 95
35 349 76
35 383 42
35 158 84
36 312 89
36 300 47
36 392 34
36 73 78
36 234 35
36 364 27
36 303 82
36 144 50
36 145 36
36 233 14
36 41 82
36 138 32
36 158 15
36 383 3
36 192 95
37 209 92
37 159 53
37 175 13
37 152 79
38 257 70
38 195 50
38 294 22
38 108 8
38 237 48
38 48 64
38 114 35
38 342 98
38 343 2
38 377 7
38 283 50
38 272 97
38 61 15
38 91 17
38 63 99
38 166 85
39 291 92
39 69 88
39 168 30
39 394 11
39 45 36
39 270 85
39 249 39
39 246 74
39 89 90
39 218 38
39 315 85
39 316 33
39 286 54
40 146 47
40 116 40
40 130 54
40 279 46
40 103 58
40 376 92
40 122 47
40 366 29
40 143 75
40 176 68
41 227 86
41 73 47
41 234 64
41 364 30
41 303 36
41 144 56
41 233 70
41 179 37
41 148 10
41 138 2
41 128 100
41 192 18
42 161 44
42 100 99
42 197 57
42 110 35
42 334 67
42 309 19
42 181 10
42 347 28
42 189 96
42 64 66
43 225 80
43 81 77
43 87 88
43 295 40
43 200 1
43 77 40
43 267 97
43 301 96
43 369 10
43 83 43
43 276 79
43 375 84
43 56 32
43 266 65
43 62 88
44 370 23
44 204 76
44 186 95
44 250 71
44 298 16
44 380 80
44 333 69
44 45 3
45 291 13
45 69 37
45 394 37
45 270 20
45 370 97
45 246 63
45 249 32
45 89 92
45 315 74
45 316 69
45 286 58
46 323 98
46 86 96
46 263 70
46 343 46
46 237 35
46 61 1
46 238 6
46 271 82
46 160 35
47 337 49
47 388 58
47 390 23
47 344 30
47 297 53
47 314 21
47 299 30
47 356 94
47 142 56
47 319 50
47 336 38
48 257 49
48 195 42
48 166 43
48 263 33
48 237 68
48 342 89
48 272 85
48 114 57
48 86 99
48 343 45
48 91 99
48 61 66
48 283 28
49 161 100
49 50 66
49 308 4
49 202 71
49 154 30
49 346 48
49 155 72
49 93 14
49 142 19
50 161 4
50 154 47
50 346 17
50 93 89
51 97 27
51 131 88
51 260 38
51 135 90
51 170 71
51 109 42
51 339 37
51 54 11
51 88 29
51 154 49
51 221 23
51 382 68
52 180 87
52 326 90
52 360 9
52 395 62
52 78 74
52 111 56
52 178 7
52 212 37
52 213 47
52 182 15
52 188 89
52 255 46
52 96 17
53 101 96
53 103 6
53 199 75
53 74 8
53 396 90
53 79 84
53 208 64
53 373 81
53 313 64
53 229 16
54 97 58
54 131 66
54 135 85
54 200 57
54 205 38
54 109 84
54 77 87
54 339 71
54 276 12
54 341 75
54 183 2
54 88 100
54 221 30
54 382 36
54 384 28
55 385 93
55 393 16
55 67 22
55 185 53
55 113 1
55 251 85
55 368 90
56 225 4
56 369 89
56 87 75
56 295 29
56 200 55
56 266 79
56 267 16
56 76 14
56 301 51
56 62 45
56 81 28
56 83 87
56 375 24
57 354 98
57 157 73
57 125 77
58 372 87
58 261 59
58 374 34
58 71 90
58 228 53
58 357 82
58 363 92
58 268 31
58 397 83
58 358 71
59 353 95
59 262 91
59 327 64
59 169 40
59 314 61
59 107 20
59 207 81
60 273 72
60 66 25
60 211 80
60 196 94
60 338 34
60 260 55
60 90 69
60 190 83
60 95 35
60 302 74
61 257 16
61 263 98
61 343 27
61 237 81
61 323 45
61 272 57
61 238 62
61 86 61
61 151 16
61 377 90
61 389 42
61 160 32
62 225 66
62 81 63
62 104 93
62 77 25
62 76 41
62 205 20
62 369 11
62 171 23
62 375 10
62 282 2
62 379 54
62 266 7
62 267 89
62 200 85
63 386 81
63 108 37
63 167 40
63 136 55
63 364 47
63 371 15
63 272 99
63 294 20
63 377 99
63 179 1
63 342 33
63 215 65
63 153 47
63 320 28
64 161 53
64 334 89
64 110 69
64 309 7
64 214 2
64 202 83
64 197 97
64 347 43
64 189 56
64 254 94
65 241 38
65 129 40
65 147 4
65 340 74
65 98 97
65 82 84
65 184 32
65 398 22
66 196 88
66 105 66
66 302 71
66 273 92
66 338 57
66 211 7
66 191 2
66 90 90
66 124 25
66 190 87
66 95 62
67 321 22
67 113 41
67 251 34
67 317 33
67 191 22
67 80 82
68 369 3
68 76 61
68 223 63
68 335 78
68 391 70
69 326 26
69 394 45
69 291 79
69 239 15
69 270 17
69 249 58
69 89 87
69 316 13
69 286 7
70 385 40
70 393 19
70 387 14
70 368 42
70 328 75
70 185 93
70 220 30
70 258 48
70 126 25
70 248 36
71 148 88
71 227 91
71 172 93
71 261 42
71 374 75
71 363 16
71 268 60
71 307 87
71 310 88
71 120 86
71 357 20
71 128 73
72 116 35
72 118 74
72 279 64
72 376 71
72 122 19
72 349 74
72 366 59
72 158 89
73 294 35
73 167 82
73 392 34
73 234 58
73 364 37
73 144 69
73 179 11
73 108 69
73 215 75
73 312 46
73 138 55
73 320 55
73 192 19
74 101 17
74 199 84
74 104 84
74 313 92
74 282 45
74 379 1
74 171 1
74 79 65
74 208 86
75 99 18
75 248 4
75 219 26
75 328 87
75 269 2
75 318 84
75 387 14
76 225 16
76 369 58
76 375 95
76 266 58
76 335 67
76 81 17
76 324 64
76 87 100
76 282 88
76 267 9
76 139 80
77 97 15
77 295 87
77 231 49
77 266 1
77 200 21
77 109 79
77 339 79
77 276 77
77 205 76
77 183 8
77 301 3
77 341 38
77 348 75
77 382 7
78 305 20
78 212 63
78 119 52
78 360 85
78 281 53
78 395 61
78 288 42
78 255 60
78 96 75
79 245 25
79 359 81
79 104 1
79 313 68
79 379 80
79 208 85
79 171 17
80 385 76
80 105 36
80 217 23
80 381 27
80 126 95
80 191 71
80 304 59
81 225 67
81 87 53
81 266 56
81 171 50
81 335 13
81 369 71
81 375 81
81 282 96
81 267 66
82 129 50
82 98 15
82 147 27
82 340 69
82 280 68
82 241 9
82 398 39
82 222 93
83 295 45
83 265 8
83 266 3
83 301 4
83 351 39
83 375 25
83 378 94
83 240 83
84 106 55
84 141 7
84 206 66
84 240 85
84 243 34
84 100 61
84 181 44
84 287 76
84 330 74
84 378 3
84 253 90
84 351 54
85 177 7
85 164 17
85 132 74
85 216 74
85 252 32
85 350 24
85 256 9
86 323 15
86 263 1
86 343 93
86 237 28
86 160 31
86 238 91
87 324 70
87 201 73
87 266 26
87 139 46
87 335 29
87 369 75
87 306 70
87 375 18
87 235 27
88 97 61
88 339 67
88 276 60
88 221 55
88 135 59
88 170 45
88 131 45
88 109 4
88 382 79
89 102 49
89 293 41
89 394 52
89 168 19
89 291 82
89 270 94
89 246 99
89 249 2
89 218 43
89 315 53
89 316 48
89 286 86
90 211 54
90 124 21
90 191 65
90 338 76
90 105 17
90 317 42
90 190 98
90 95 60
90 302 38
91 257 1
91 195 33
91 284 51
91 166 33
91 296 21
91 111 40
91 272 46
91 114 92
91 342 35
91 283 43
92 217 29
92 395 87
92 112 94
92 304 15
93 308 52
93 170 35
93 154 25
94 194 66
94 132 9
94 102 50
94 226 49
94 331 1
94 168 38
94 269 86
94 121 37
94 218 62
94 350 43
94 256 44
95 338 19
95 260 16
95 124 3
95 190 46
95 308 11
95 302 4
96 322 51
96 325 54
96 180 87
96 212 77
96 360 51
96 111 8
96 178 62
96 213 78
96 182 3
96 188 30
96 255 89
97 131 50
97 301 73
97 295 16
97 200 14
97 109 90
97 339 75
97 276 88
97 341 31
97 221 62
97 382 73
98 129 72
98 241 64
98 147 23
98 340 29
98 133 64
98 140 38
98 398 6
98 399 89
99 226 82
99 387 83
99 248 60
99 219 63
99 328 37
99 269 62
99 318 53
100 181 99
100 197 44
100 206 57
100 240 98
100 330 28
100 106 22
100 378 22
100 253 54
100 287 52
101 229 5
101 103 91
101 199 4
101 396 60
101 143 53
101 208 75
101 373 69
101 313 35
102 132 13
102 293 54
102 168 56
102 394 58
102 269 15
102 246 20
102 218 83
102 315 27
102 350 60
102 256 97
103 130 100
103 396 47
103 199 58
103 236 72
103 143 42
103 146 87
103 122 66
103 373 5
104 231 17
104 171 3
104 205 25
104 244 1
104 245 15
104 183 55
104 282 42
104 379 2
104 348 47
105 196 79
105 302 15
105 304 80
105 273 46
105 211 30
105 381 48
105 191 89
106 181 39
106 253 83
106 206 14
106 287 40
107 321 42
107 353 86
107 262 88
107 327 4
107 169 90
107 124 65
107 317 35
107 207 84
108 294 83
108 167 93
108 392 11
108 364 19
108 272 43
108 114 12
108 179 71
108 342 95
108 215 74
108 283 87
108 320 15
109 231 6
109 200 12
109 205 24
109 339 73
109 276 34
109 341 91
109 183 29
109 348 61
109 221 21
109 382 39
109 384 16
110 161 11
110 309 52
110 197 52
110 202 93
110 347 97
110 189 86
110 334 51
111 178 80
111 195 85
111 180 77
111 213 73
111 182 82
111 296 69
111 188 53
112 293 49
112 168 90
112 394 25
112 269 2
112 318 2
112 270 97
113 321 64
113 251 35
113 317 33
114 257 22
114 195 65
114 294 76
114 272 87
114 342 4
114 284 67
114 283 8
114 166 5
115 354 21
115 149 46
115 198 62
115 365 55
115 133 9
115 157 24
115 125 17
115 174 9
115 367 69
115 398 34
116 130 92
116 376 9
116 279 26
116 122 70
116 366 23
116 146 11
116 176 52
117 259 85
117 210 96
117 201 69
117 203 87
117 141 28
117 306 31
117 243 65
117 351 71
117 150 69
117 235 51
117 265 49
118 349 73
118 158 54
119 305 73
119 338 83
119 211 50
119 196 20
119 135 76
119 281 11
119 273 79
119 288 65
120 357 26
120 261 58
120 358 89
121 209 78
121 226 78
121 355 87
121 292 10
121 278 5
121 194 44
121 219 81
121 269 42
121 331 73
122 130 80
122 300 67
122 236 4
122 143 20
122 145 27
122 146 55
122 373 26
122 376 19
123 303 54
123 264 83
124 321 26
124 302 49
124 207 91
124 190 51
124 317 1
124 191 13
124 262 26
125 354 36
125 157 12
125 174 23
125 367 58
126 385 82
126 258 44
126 393 94
126 328 86
126 185 75
126 368 24
127 289 78
127 356 21
127 230 34
127 242 75
127 361 28
127 299 64
127 336 76
127 337 8
127 297 28
127 247 59
127 344 25
127 345 35
127 319 34
127 352 36
128 227 85
128 148 21
128 374 83
128 233 24
128 138 1
128 172 82
128 307 61
128 310 49
129 340 60
129 133 85
129 140 44
129 241 100
129 399 63
129 398 47
130 396 28
130 366 6
130 143 45
130 146 88
130 373 44
130 376 35
131 339 99
131 260 4
131 135 83
131 170 61
131 154 99
131 221 33
131 382 11
132 168 99
132 331 1
132 177 18
132 246 38
132 218 23
132 315 96
132 350 34
132 256 100
133 198 7
133 140 32
133 367 59
133 174 88
133 241 14
133 149 69
133 399 62
133 398 57
134 259 59
134 324 85
134 306 96
134 137 50
134 173 44
134 365 64
134 329 86
134 340 15
134 280 90
134 157 55
134 222 83
135 260 61
135 170 2
135 338 92
135 339 86
135 221 26
135 382 80
135 384 66
136 386 27
136 228 50
136 167 43
136 179 10
136 363 9
136 372 44
136 371 78
136 307 7
136 148 51
136 374 81
136 215 65
136 153 7
136 268 4
136 224 53
136 320 56
137 329 42
137 259 69
137 324 65
137 201 11
137 365 94
137 173 24
137 222 4
137 306 79
137 139 82
137 280 40
137 203 13
138 227 15
138 234 52
138 172 66
138 179 45
138 303 47
138 144 76
138 307 88
138 148 3
138 364 38
138 233 59
138 192 74
139 259 11
139 324 65
139 201 22
139 235 55
139 173 62
139 335 77
139 306 94
140 241 83
140 367 29
140 149 99
140 198 21
140 398 9
140 399 18
140 174 6
141 351 18
141 265 20
141 206 24
141 210 45
141 243 20
141 150 42
141 181 96
141 253 49
141 287 59
142 356 21
142 390 12
142 361 6
142 299 35
142 336 46
142 337 87
142 314 33
142 346 36
142 155 28
142 254 51
142 319 8
143 146 5
143 236 62
143 396 24
143 373 39
144 227 91
144 167 8
144 392 26
144 364 16
144 179 61
144 307 63
144 148 46
144 215 88
144 234 66
144 320 47
144 233 29
144 192 91
145 236 3
145 392 28
145 234 95
145 300 20
145 277 13
145 312 100
145 158 46
145 383 54
146 376 81
146 373 85
146 396 26
147 275 95
147 340 88
147 280 14
147 184 32
147 241 80
147 398 75
147 222 56
148 227 66
148 268 25
148 167 96
148 172 17
148 192 50
148 307 35
148 233 93
148 179 86
148 374 13
148 153 87
148 310 87
148 320 72
149 198 82
149 367 5
150 210 36
150 243 44
150 203 9
151 386 2
151 323 43
151 389 67
151 343 92
151 263 47
151 232 63
151 237 49
151 271 98
151 274 75
151 311 78
151 377 80
151 156 59
151 160 44
152 177 10
152 355 86
152 292 50
152 331 57
152 175 32
152 209 96
152 216 54
152 350 53
152 159 91
153 268 23
153 228 43
153 167 20
153 363 67
153 372 55
153 179 53
153 307 71
153 374 39
153 215 91
153 320 45
153 224 38
154 260 34
154 308 73
154 170 69
155 308 64
155 390 93
155 314 1
155 190 81
155 262 58
156 386 2
156 371 69
156 389 42
156 377 10
156 237 31
156 285 35
156 224 65
157 354 44
157 329 66
157 280 82
157 365 64
157 174 66
157 222 79
158 303 84
158 349 24
158 383 96
159 209 100
159 177 30
159 216 74
159 331 14
159 175 61
160 323 55
160 389 95
160 343 56
160 263 43
160 232 9
160 237 78
160 238 71
160 271 42
160 274 42
160 311 85
161 202 60
161 197 12
161 334 29
161 309 14
161 214 51
161 346 67
161 347 29
161 189 40
161 254 47
162 193 81
162 380 58
162 311 100
162 186 75
162 250 81
162 332 92
162 333 47
162 298 29
163 378 28
163 240 40
163 330 12
164 177 67
164 370 24
164 204 69
164 252 51
164 216 5
164 298 15
164 380 24
165 297 98
165 290 75
165 187 73
165 388 13
165 344 39
166 257 19
166 195 69
166 400 34
166 359 87
166 296 17
166 284 31
166 283 76
167 268 67
167 179 28
167 294 21
167 371 38
167 320 97
167 307 58
167 374 18
167 215 88
167 364 53
167 192 93
168 293 25
168 394 45
168 269 26
168 270 9
168 249 11
168 246 73
168 218 99
168 315 1
168 256 86
169 353 73
169 262 81
169 327 51
169 207 86
170 260 90
170 221 94
170 339 55
170 382 58
171 225 89
171 267 89
171 369 84
171 313 33
171 282 19
171 379 48
172 227 98
172 374 12
172 233 37
172 310 36
172 307 99
173 329 63
173 259 70
173 324 78
173 365 42
173 222 54
173 306 28
173 280 38
174 198 73
174 365 73
174 367 35
174 398 16
174 241 50
174 340 41
174 280 48
174 222 48
175 209 90
175 355 32
175 292 93
175 278 16
175 331 74
176 366 6
176 279 14
177 252 96
177 216 8
177 350 1
177 256 57
178 322 59
178 188 72
178 325 96
178 180 20
178 212 88
178 244 33
178 362 13
178 360 63
178 213 64
178 182 7
178 255 4
178 296 67
179 227 18
179 268 53
179 294 14
179 392 37
179 364 76
179 307 75
179 215 26
179 234 19
179 192 10
179 320 2
180 326 79
180 360 32
180 395 32
180 239 87
180 213 6
180 182 60
180 188 78
180 255 60
181 197 21
181 330 2
181 206 58
181 240 67
181 253 26
181 287 100
182 325 34
182 212 35
182 360 7
182 296 31
182 213 66
182 188 56
182 255 65
183 244 29
183 231 81
183 200 92
183 205 29
183 339 47
183 276 32
183 341 2
183 221 70
183 348 71
183 384 86
184 275 31
185 385 25
185 258 39
185 393 26
185 368 62
186 193 65
186 204 68
186 250 47
186 298 57
186 332 16
186 333 22
186 380 7
186 370 2
187 353 83
187 290 32
187 388 62
187 327 73
187 344 75
188 325 65
188 255 100
188 296 26
188 213 65
189 197 36
189 334 1
189 309 49
189 214 80
189 202 66
189 346 48
189 347 25
189 254 31
190 338 20
190 308 16
190 390 76
190 260 84
191 321 94
191 317 75
191 302 76
191 381 44
192 227 84
192 392 79
192 364 27
192 233 56
192 307 10
192 215 52
192 234 96
192 320 63
193 332 79
193 311 78
193 232 12
193 250 55
193 333 88
193 274 82
194 209 6
194 226 90
194 355 17
194 292 14
194 278 16
194 219 76
195 257 95
195 342 97
195 296 90
195 283 97
195 284 15
196 273 46
196 338 88
196 211 96
196 381 33
196 281 28
196 288 46
197 330 99
197 309 47
197 347 45
198 367 83
199 391 98
199 313 19
199 396 58
199 223 85
199 208 84
200 375 82
200 295 85
200 205 90
200 276 57
200 341 40
200 301 56
200 266 99
201 259 90
201 324 43
201 203 84
201 306 76
201 235 41
201 265 23
202 361 76
202 334 43
202 309 30
202 214 52
202 346 60
202 347 20
202 254 27
203 265 2
203 259 56
203 235 2
204 252 71
204 250 88
204 332 82
204 380 9
204 333 31
204 298 81
204 370 63
205 384 4
205 231 65
205 276 54
205 244 37
205 341 35
205 379 11
205 348 54
206 240 14
206 351 78
206 330 63
206 378 47
206 253 25
206 287 61
207 353 59
207 262 23
207 321 54
207 317 65
208 313 55
208 229 83
208 396 19
209 355 17
209 292 21
209 331 61
209 278 12
210 243 89
210 351 30
210 287 72
211 302 61
211 273 21
211 338 95
211 281 27
211 381 43
211 288 41
212 322 36
212 244 58
212 231 12
212 360 25
212 362 18
212 305 9
212 213 2
212 255 38
213 322 67
213 325 20
213 360 21
213 296 84
213 255 81
214 356 30
214 230 53
214 361 8
214 299 43
214 334 43
214 336 40
214 337 81
214 242 97
214 309 14
214 345 86
214 346 95
214 347 33
214 254 94
215 371 88
215 364 86
215 272 49
215 342 76
215 320 48
215 294 52
216 350 70
217 304 25
217 381 92
218 293 9
218 394 41
218 270 15
218 249 47
218 246 23
218 315 62
218 256 25
219 248 78
219 226 13
219 269 26
219 387 41
219 318 72
220 385 99
220 258 5
220 387 62
220 328 97
220 248 92
220 368 23
221 231 12
221 339 1
221 276 55
221 341 36
221 348 73
221 382 14
221 384 16
222 329 20
222 241 26
222 259 77
222 365 34
222 398 53
222 340 14
222 280 71
223 275 13
223 391 62
223 396 19
223 335 53
224 386 35
224 372 9
224 228 47
224 285 62
224 363 51
224 397 38
225 266 54
225 267 88
225 335 79
225 369 45
225 375 71
225 282 43
225 379 46
226 292 61
226 331 44
226 269 85
226 318 50
227 268 45
227 310 81
227 307 7
227 233 72
227 374 45
227 320 39
228 386 18
228 363 21
228 268 93
228 397 12
228 372 24
228 374 50
228 285 7
229 277 54
229 400 100
229 373 40
230 289 87
230 356 1
230 361 50
230 299 37
230 336 12
230 337 66
230 242 40
230 319 15
230 247 51
230 345 90
230 254 74
231 322 54
231 244 8
231 341 78
231 362 31
231 348 85
231 384 91
232 274 18
232 323 12
232 311 74
232 250 1
232 333 50
232 238 75
232 271 85
233 234 58
233 303 39
233 310 23
234 294 7
234 392 61
234 364 17
234 312 1
234 383 25
235 259 1
235 324 3
235 265 94
235 306 54
235 351 8
236 373 14
236 383 35
236 312 70
236 300 67
237 257 59
237 386 30
237 389 87
237 263 96
237 371 18
237 343 31
237 377 55
237 272 54
238 274 75
238 323 62
238 343 87
238 263 91
238 271 75
239 291 65
239 326 83
239 360 82
239 249 10
239 395 51
239 270 83
240 330 61
240 301 10
240 351 57
240 378 55
241 365 59
241 399 83
241 398 91
241 340 86
241 280 46
242 289 40
242 356 56
242 361 2
242 299 17
242 336 32
242 337 50
242 247 71
242 345 16
243 265 22
243 287 12
243 351 27
244 322 68
244 325 9
244 362 52
244 341 97
244 348 27
244 255 100
244 384 50
245 325 88
245 359 62
245 296 5
245 284 63
245 400 23
246 291 60
246 293 17
246 394 51
246 270 68
246 249 78
246 315 85
246 316 72
246 286 70
246 256 74
247 289 34
247 356 88
247 345 5
247 299 92
247 352 87
248 258 19
248 328 73
248 387 43
248 318 6
249 291 41
249 293 45
249 394 4
249 270 8
249 316 2
249 286 7
250 298 84
250 333 54
250 311 95
250 332 55
250 380 17
251 321 71
251 317 95
252 370 9
252 298 81
252 380 52
253 351 84
253 330 79
253 287 47
254 356 22
254 361 11
254 299 55
254 334 68
254 337 41
254 309 90
254 345 24
254 346 78
254 336 44
254 319 51
255 322 67
255 325 53
255 360 19
255 362 7
255 305 7
256 331 38
256 315 85
256 350 50
257 263 9
257 272 24
257 342 64
257 343 7
257 283 80
258 385 41
258 393 19
258 387 38
258 328 45
258 368 54
259 324 39
259 306 84
259 329 8
260 338 96
260 308 76
261 358 55
261 357 59
261 374 76
261 363 38
262 353 65
262 390 98
262 314 26
263 323 53
263 389 46
263 343 33
263 271 74
263 377 4
264 310 84
265 351 82
266 375 11
266 295 39
266 301 1
266 267 76
266 369 60
266 276 64
267 335 86
267 369 52
267 375 53
267 282 2
267 379 42
268 363 37
268 307 94
268 372 20
268 374 83
268 320 68
269 318 4
270 291 26
270 293 23
270 394 98
270 316 75
270 286 19
271 274 96
271 323 46
271 389 80
271 311 20
272 386 41
272 389 43
272 294 23
272 371 15
272 342 93
272 377 98
272 283 24
273 338 1
273 281 39
273 288 44
274 323 53
274 311 31
274 333 44
275 391 24
276 301 38
276 295 79
276 339 56
276 341 100
276 382 90
277 392 50
277 312 55
277 300 60
278 355 85
278 292 65
279 376 78
279 366 19
280 329 75
280 365 76
280 398 99
280 340 57
281 395 47
281 381 31
281 288 54
282 369 69
282 335 83
282 313 58
282 379 54
283 284 87
283 342 79
283 294 100
284 359 48
284 296 53
284 400 90
285 386 46
285 372 52
285 377 34
285 397 15
286 394 99
286 291 69
286 316 54
287 330 60
287 351 64
288 305 69
289 337 46
289 356 42
289 345 83
289 299 68
289 352 11
290 297 45
290 388 58
290 344 53
291 326 98
291 394 18
291 316 48
292 355 22
292 331 80
293 394 74
294 364 6
294 392 62
294 371 29
294 342 31
294 320 58
295 301 27
295 375 22
296 325 94
296 359 63
297 337 34
297 388 14
297 319 61
297 344 10
297 299 36
297 356 74
297 352 25
298 370 23
298 333 30
298 332 72
298 380 7
299 356 44
299 361 20
299 336 49
299 337 74
299 344 71
299 345 40
299 346 27
299 319 92
300 373 43
300 392 19
300 312 15
300 383 55
301 375 12
301 378 15
302 321 17
302 317 38
303 383 36
304 381 20
305 322 91
305 362 75
305 384 41
306 324 82
307 363 6
307 374 4
307 320 49
308 390 89
309 334 37
309 346 40
309 347 87
311 323 66
311 333 97
312 364 23
312 392 14
312 383 96
313 379 54
313 396 3
314 353 21
314 388 50
314 390 63
314 319 91
315 394 47
315 350 84
316 394 64
317 321 33
318 328 30
319 356 91
319 344 4
319 336 48
319 337 8
319 361 61
319 388 2
319 346 11
320 364 34
320 374 61
322 348 6
322 325 5
322 362 15
322 384 65
323 389 82
323 343 85
325 359 71
325 362 1
326 360 77
326 395 33
327 353 98
328 385 47
328 387 34
328 368 12
329 340 21
329 365 75
330 351 23
330 378 6
331 350 50
332 380 85
332 333 4
333 370 56
333 380 51
334 345 81
334 347 89
335 369 1
336 356 86
336 361 59
336 337 50
336 345 47
336 346 28
337 356 63
337 361 9
337 346 35
339 341 61
339 382 58
339 384 67
340 365 16
340 398 43
341 348 72
341 382 90
341 384 42
342 371 4
342 377 73
343 389 96
344 388 43
344 352 10
345 356 28
345 361 19
346 356 43
346 361 7
348 362 96
348 384 100
349 383 20
353 388 98
356 361 51
357 372 18
357 358 40
357 363 99
357 397 65
358 363 54
359 400 89
360 395 20
362 384 69
363 397 42
363 372 3
363 374 48
364 392 8
365 398 53
366 376 45
368 385 61
368 387 38
368 393 73
369 375 79
369 379 34
370 380 87
371 386 11
371 389 54
371 377 93
372 397 78
372 374 42
373 396 78
377 386 30
377 389 27
385 393 44
386 389 50
391 396 84
398 399 69
10
1
1
1 2
1 2 3 4
1 2 3 4 5 6 7
1 2 3 4 5 6 7 8 9 10 11 12 13
1 2 3 4 5 6 7 8 9 10 11 12 13 14 15 16 17 18 19 20 21 22 23 24 25
1 2 3 4 5 6 7 8 9 10 11 12 13 14 15 16 17 18 19 20 21 22 23 24 25 26 27 28 29 30 31 32 33 34 35 36 37 38 39 40 41 42 43 44 45 46 47 48 49 50
1 2 3 4 5 6 7 8 9 10 11 12 13 14 15 16 17 18 19 20 21 22 23 24 25 26 27 28 29 30 31 32 33 34 35 36 37 38 39 40 41 42 43 44 45 46 47 48 49 50 51 52 53 54 55 56 57 58 59 60 61 62 63 64 65 66 67 68 69 70 71 72 73 74 75 76 77 78 79 80 81 82 83 84 85 86 87 88 89 90 91 92 93 94 95 96 97 98 99 100
1 2 3 4 5 6 7 8 9 10 11 12 13 14 15 16 17 18 19 20 21 22 23 24 25 26 27 28 29 30 31 32 33 34 35 36 37 38 39 40 41 42 43 44 45 46 47 48 49 50 51 52 53 54 55 56 57 58 59 60 61 62 63 64 65 66 67 68 69 70 71 72 73 74 75 76 77 78 79 80 81 82 83 84 85 86 87 88 89 90 91 92 93 94 95 96 97 98 99 100 101 102 103 104 105 106 107 108 109 110 111 112 113 114 115 116 117 118 119 120 121 122 123 124 125 126 127 128 129 130 131 132 133 134 135 136 137 138 139 140 141 142 143 144 145 146 147 148 149 150 151 152 153 154 155 156 157 158 159 160 161 162 163 164 165 166 167 168 169 170 171 172 173 174 175 176 177 178 179 180 181 182 183 184 185 186 187 188 189 190 191 192 193 194 195 196 197 198 199 200
