2155
1 341 59
1 70 8
1 55 3
1 40 76
1 169 93
1 155 64
1 347 40
1 351 37
2 192 19
2 196 57
2 229 53
2 135 37
2 282 54
2 377 43
2 266 63
2 96 49
2 270 95
2 64 8
3 17 31
3 98 68
3 295 56
3 197 97
3 198 96
3 359 41
3 361 66
3 362 34
3 304 53
3 256 3
4 225 35
4 36 58
4 134 86
4 167 13
4 393 83
4 394 77
4 238 70
4 16 83
4 337 95
4 211 82
4 350 54
4 398 35
4 158 65
4 160 2
5 49 15
5 386 24
5 364 92
5 70 85
5 23 68
5 40 23
5 236 20
5 351 5
6 353 62
6 297 28
6 140 97
6 102 25
6 231 88
6 360 62
6 153 34
6 330 68
6 200 40
6 288 63
7 353 10
7 33 64
7 342 30
7 26 8
7 170 4
7 283 89
7 380 7
7 171 5
7 322 6
7 182 75
8 324 27
8 389 98
8 138 31
8 363 84
8 77 96
8 14 55
8 271 49
8 208 97
8 243 70
8 156 44
8 86 22
8 378 17
8 261 67
8 202 15
8 224 38
8 29 15
8 37 54
9 274 52
9 99 92
9 50 72
9 247 88
9 72 75
9 121 34
9 234 52
9 109 88
9 80 97
10 201 33
10 227 48
10 166 22
10 147 23
10 104 92
10 73 7
10 395 60
10 128 94
10 141 74
10 27 59
10 176 38
11 322 45
11 35 13
11 132 20
11 258 91
11 330 70
11 140 13
11 112 51
11 49 10
11 148 57
11 278 85
11 170 24
11 313 30
11 26 78
11 364 82
11 352 42
12 131 41
12 56 85
12 329 60
12 44 88
12 79 5
12 207 51
12 115 60
12 117 19
12 22 31
12 218 37
12 90 79
12 31 5
12 54 33
13 289 40
13 274 36
13 388 48
13 215 68
13 91 41
13 191 79
13 80 87
14 261 53
14 29 94
14 377 46
14 378 45
14 363 99
14 299 42
14 77 8
14 37 93
14 271 46
14 224 31
15 81 94
15 163 51
15 340 29
15 285 47
15 301 4
15 270 3
15 63 74
16 225 51
16 36 17
16 134 66
16 167 35
16 393 36
16 394 40
16 238 56
16 398 20
16 337 22
16 211 46
16 292 37
16 85 51
16 350 93
16 158 17
16 160 22
17 193 50
17 354 44
17 252 59
17 197 12
17 198 7
17 295 79
17 361 31
17 362 64
17 304 9
17 100 64
17 178 35
17 180 74
17 122 12
17 359 39
17 192 15
17 256 20
18 89 81
18 307 30
18 357 44
18 367 34
18 222 92
18 92 78
18 190 73
18 335 33
18 384 75
19 321 30
19 244 38
19 310 39
19 391 77
19 280 91
19 106 55
19 157 28
19 308 62
20 290 59
20 372 34
20 334 11
20 88 23
20 203 3
20 124 10
20 61 76
20 59 99
20 110 94
21 195 75
21 212 8
21 245 43
21 119 16
21 296 53
21 316 73
21 189 43
21 78 84
21 239 82
22 161 90
22 329 52
22 44 64
22 54 71
22 56 30
22 57 68
22 218 54
22 253 30
22 366 43
22 79 76
23 49 23
23 386 49
23 35 10
23 364 65
23 70 42
23 258 87
23 313 87
23 236 17
23 351 13
24 133 12
24 230 29
24 184 11
24 205 63
24 320 85
24 269 70
24 111 55
24 400 89
25 162 44
25 259 96
25 327 82
25 82 96
25 265 72
25 74 79
25 111 31
25 242 83
25 83 36
25 276 70
25 246 50
25 399 67
25 123 96
25 286 23
25 150 73
26 322 38
26 35 54
26 132 87
26 258 13
26 170 9
26 140 75
26 342 17
26 330 42
26 313 19
26 352 63
27 227 44
27 166 40
27 105 60
27 141 21
27 176 25
27 73 26
27 147 96
27 154 52
27 186 30
27 201 60
27 38 88
28 97 89
28 241 94
28 355 78
28 136 43
28 172 44
28 365 78
28 143 28
28 48 15
28 145 70
28 338 26
28 181 52
28 249 44
28 368 82
28 382 25
29 65 79
29 66 21
29 324 90
29 261 64
29 202 28
29 363 73
29 243 16
29 86 13
29 138 34
29 389 47
29 37 53
29 224 38
30 65 65
30 66 69
30 387 95
30 260 38
30 165 58
30 71 56
30 138 46
30 58 74
30 206 42
30 356 35
30 86 82
30 202 75
30 389 94
31 239 50
31 131 32
31 117 87
31 207 53
31 392 43
31 329 10
31 75 21
31 115 37
31 95 68
31 54 9
32 162 54
32 246 38
32 373 95
32 230 87
32 399 12
32 265 83
32 281 80
32 74 36
32 221 68
32 111 91
32 358 95
33 171 4
33 380 6
33 182 97
33 159 45
34 257 12
34 339 33
34 366 50
34 326 91
34 390 76
35 258 48
35 132 3
35 322 39
35 170 24
35 364 78
35 49 31
35 342 33
35 313 43
35 352 16
36 225 59
36 130 85
36 325 32
36 134 52
36 393 41
36 211 70
36 267 51
36 398 89
36 337 4
36 179 61
36 292 7
36 357 25
36 350 79
36 160 51
37 324 79
37 261 95
37 378 29
37 299 92
37 363 21
37 271 20
37 224 21
38 201 81
38 237 69
38 141 72
38 105 69
38 147 91
38 311 3
38 186 5
38 154 28
38 60 61
38 317 11
38 127 94
39 100 94
39 193 67
39 196 38
39 180 47
39 104 42
39 377 72
39 128 32
39 348 45
39 354 10
39 64 94
40 386 46
40 70 63
40 55 10
40 169 7
40 347 82
40 155 18
40 351 48
41 69 60
41 325 91
41 328 34
41 393 63
41 211 78
41 139 9
41 333 37
41 371 20
41 272 70
41 209 21
41 179 79
41 237 14
41 149 96
41 118 98
41 311 38
41 248 72
41 85 58
41 284 81
41 127 89
42 235 100
42 53 91
42 95 37
42 392 99
43 326 9
43 279 27
43 56 45
43 57 54
43 298 85
43 366 12
43 214 63
44 131 51
44 117 96
44 90 93
44 79 18
45 353 54
45 114 71
45 116 24
45 182 48
45 120 89
45 283 7
45 124 95
45 142 55
46 101 16
46 232 76
46 233 72
46 332 50
46 78 84
46 212 19
46 255 6
46 312 2
46 185 4
46 379 34
46 220 43
46 93 73
46 287 78
47 385 47
47 60 67
47 173 92
47 303 12
47 177 91
47 311 20
47 248 96
47 154 77
47 284 31
47 317 84
47 254 8
47 127 12
48 97 62
48 242 51
48 265 99
48 136 83
48 143 56
48 208 32
48 338 64
48 368 44
48 181 19
48 150 87
48 345 79
48 373 99
48 382 62
49 386 42
49 236 55
49 70 44
49 258 1
49 313 19
49 364 41
49 351 69
50 99 50
50 247 80
50 234 3
50 251 28
50 285 76
51 281 41
51 166 44
51 73 99
51 349 67
51 62 90
51 176 15
52 385 65
52 226 13
52 137 58
52 394 24
52 333 73
52 238 61
52 209 25
52 393 93
52 371 54
52 85 27
52 248 44
52 213 79
52 284 4
52 160 63
53 235 33
53 95 57
53 392 3
54 131 58
54 56 98
54 329 74
54 75 73
54 79 84
54 207 55
54 115 88
54 117 6
54 218 55
54 90 95
55 341 54
55 70 54
55 169 51
55 347 4
55 155 100
55 351 51
56 161 84
56 214 40
56 329 6
56 76 80
56 366 98
56 79 99
56 279 20
56 57 78
56 218 73
57 218 11
57 214 3
57 279 41
57 329 4
57 298 36
57 76 37
57 366 57
57 79 51
58 387 29
58 260 58
58 165 33
58 375 75
58 71 78
58 318 35
58 300 54
58 206 87
58 126 70
58 306 53
58 356 41
58 223 29
58 183 32
58 293 15
58 91 91
58 191 14
59 116 73
59 290 28
59 203 36
59 61 85
59 110 51
60 173 46
60 237 63
60 177 53
60 186 95
60 311 37
60 248 40
60 154 82
60 317 94
60 254 4
60 127 13
61 290 15
61 372 19
61 116 62
61 120 100
61 297 70
61 124 17
61 110 3
62 345 1
62 73 86
62 358 83
62 166 63
62 281 21
62 395 27
62 176 43
62 349 67
62 174 38
62 128 14
63 81 80
63 163 10
63 340 74
63 72 13
63 301 86
63 270 22
64 193 26
64 100 47
64 229 7
64 135 2
64 104 91
64 96 9
64 354 68
64 196 28
64 377 74
64 282 46
64 348 22
64 252 76
64 192 100
65 66 75
65 387 72
65 260 31
65 389 67
65 71 100
65 138 78
65 206 90
65 324 19
65 86 15
65 202 5
65 165 69
65 224 44
66 289 14
66 387 65
66 260 20
66 389 16
66 261 89
66 72 55
66 202 88
66 206 37
66 324 53
66 138 77
66 165 62
67 369 88
67 291 79
67 228 96
67 374 16
67 344 87
67 137 59
67 250 92
67 187 76
67 188 74
67 319 62
67 262 66
68 306 39
68 356 17
68 318 65
68 375 9
68 183 89
69 85 68
69 292 6
69 325 30
69 328 84
69 333 24
69 139 46
69 237 51
69 179 21
69 272 80
69 393 95
69 211 34
69 149 72
69 118 49
69 89 99
69 277 92
70 169 51
70 347 96
70 236 91
70 351 91
70 386 18
71 387 10
71 356 22
71 165 46
71 300 18
71 206 43
71 126 31
71 306 75
71 260 33
71 223 18
71 375 48
71 293 55
71 91 49
71 191 58
72 289 8
72 324 64
72 121 63
72 301 84
72 109 73
72 274 52
72 80 65
73 166 91
73 281 31
73 349 52
73 176 89
74 242 55
74 246 18
74 373 16
74 358 93
74 399 92
74 162 96
74 265 74
74 221 36
74 111 64
75 131 99
75 392 75
75 329 74
75 235 80
75 239 7
75 207 27
75 115 85
75 117 58
75 189 7
75 95 63
76 329 96
76 195 13
76 119 38
76 279 9
76 298 72
76 312 61
76 189 66
76 239 62
77 363 44
77 261 57
77 377 64
77 378 88
77 299 25
77 348 1
77 271 50
78 195 24
78 296 11
78 233 25
78 232 28
78 212 37
78 119 93
78 312 28
78 185 32
78 245 97
78 379 61
78 316 77
78 255 5
79 161 28
79 329 27
79 218 16
79 253 36
80 289 15
80 215 14
80 121 54
80 91 72
80 109 71
80 274 79
80 191 36
81 163 33
81 340 83
81 135 39
81 266 36
81 301 66
81 270 28
82 194 60
82 259 27
82 263 89
82 327 25
82 108 91
82 113 6
82 83 30
82 276 30
82 150 37
82 123 56
82 94 49
83 259 27
83 276 54
83 246 8
83 108 41
83 205 75
83 286 42
84 287 6
84 341 93
84 302 54
84 87 36
84 185 87
84 155 10
84 220 51
84 93 50
84 379 5
84 255 90
84 144 10
85 385 69
85 209 89
85 371 13
85 325 89
85 226 61
85 393 45
85 211 29
85 333 19
85 238 29
85 337 37
85 179 51
85 213 38
85 248 10
85 284 4
85 160 29
86 97 82
86 389 12
86 136 54
86 138 78
86 363 60
86 208 57
86 243 86
86 202 50
86 261 91
86 156 65
86 224 31
87 185 83
87 220 65
87 341 46
87 233 76
87 379 45
87 332 67
87 93 97
87 302 85
87 287 72
88 372 29
88 249 40
88 107 46
88 365 93
88 334 96
89 292 49
89 357 82
89 267 74
89 268 14
89 398 96
89 335 39
89 190 94
89 307 21
89 277 76
89 118 83
89 151 89
89 314 65
89 325 90
89 125 97
89 139 26
90 131 20
90 117 70
90 207 41
91 289 31
91 387 27
91 388 85
91 165 51
91 306 48
91 300 32
91 206 5
91 274 93
91 260 81
91 223 88
91 215 100
91 126 71
91 191 24
92 331 36
92 335 99
92 384 52
93 185 96
93 287 72
93 232 62
93 233 61
93 379 10
93 220 40
93 302 89
93 255 48
94 241 32
94 259 42
94 263 33
94 327 68
94 194 38
94 107 90
94 108 60
94 113 4
94 275 52
94 150 66
94 249 84
94 123 50
95 115 2
95 117 9
95 207 52
95 131 63
95 392 100
95 235 57
96 135 60
96 122 27
96 266 65
96 252 24
96 178 35
96 192 44
97 156 63
97 389 30
97 136 37
97 138 82
97 208 71
97 243 15
97 368 73
97 181 85
97 345 25
97 382 89
98 273 38
98 210 65
98 197 30
98 343 74
98 199 23
98 376 62
98 204 80
99 215 4
99 247 56
100 193 47
100 354 67
100 252 48
100 198 43
100 295 46
100 104 99
100 362 60
100 256 23
100 304 61
100 180 47
100 122 65
100 348 81
100 192 23
101 312 82
101 220 41
101 216 68
101 233 39
101 298 31
101 379 10
101 332 52
102 297 29
102 153 8
102 288 27
102 200 79
103 194 31
103 323 39
103 263 54
103 231 4
103 360 60
103 264 4
103 397 42
103 305 22
103 146 28
103 275 66
103 152 49
103 346 4
104 193 61
104 354 60
104 227 13
104 180 42
104 395 88
104 348 44
104 128 88
105 227 37
105 328 93
105 201 12
105 237 52
105 149 2
105 141 12
105 147 28
105 309 69
105 154 14
105 186 7
106 321 7
106 308 16
106 310 80
106 391 91
106 244 96
106 157 61
107 113 18
107 327 26
107 172 60
107 365 29
107 143 73
107 241 92
107 338 16
107 372 9
107 249 61
107 123 56
108 194 43
108 259 43
108 263 98
108 264 20
108 397 98
108 286 74
108 276 22
108 346 65
108 123 89
109 289 28
109 274 30
109 324 11
109 121 26
109 301 62
110 116 34
110 290 47
110 203 19
111 162 53
111 230 45
111 184 6
111 205 90
111 399 2
111 246 39
111 221 91
111 286 45
112 305 97
112 146 53
112 148 30
112 278 42
112 364 56
112 140 50
112 352 43
113 194 76
113 259 79
113 327 63
113 338 27
113 172 54
113 143 90
113 241 9
113 150 78
113 249 16
113 123 77
114 182 10
114 120 50
114 283 63
114 380 71
114 142 90
115 239 46
115 131 27
115 117 40
115 207 24
115 392 10
115 329 62
116 120 97
116 297 31
116 124 62
116 142 23
117 207 34
117 131 77
117 329 49
118 328 97
118 292 70
118 325 78
118 309 3
118 139 30
118 268 25
118 237 21
118 272 90
118 273 29
118 179 62
118 149 5
118 151 3
118 314 17
118 277 91
119 212 27
119 245 26
119 316 79
119 312 83
119 296 71
119 189 4
119 195 40
119 239 58
120 353 67
120 153 32
120 297 65
120 283 95
120 124 27
120 142 86
121 289 87
121 274 30
122 193 3
122 354 90
122 252 45
122 295 95
122 359 70
122 361 16
122 256 29
122 178 87
122 304 55
122 192 77
123 241 84
123 259 20
123 327 7
123 263 81
123 194 21
123 276 7
123 150 82
124 353 37
124 153 89
124 297 50
124 283 8
124 142 2
125 199 99
125 217 36
125 175 86
125 151 96
125 314 86
125 268 10
125 190 45
125 367 90
126 387 76
126 356 24
126 165 70
126 375 67
126 300 66
126 206 21
126 306 47
126 260 14
126 191 7
126 183 57
126 318 64
126 223 29
127 173 71
127 237 56
127 177 81
127 311 34
127 248 49
127 154 20
127 284 75
127 317 69
127 254 63
127 186 22
128 227 26
128 166 78
128 395 47
128 176 64
129 145 92
129 355 50
129 293 93
129 168 6
129 365 16
129 334 1
130 267 55
130 307 75
130 357 33
130 134 47
130 398 87
130 292 96
130 331 81
130 350 48
130 335 64
130 384 18
131 207 47
131 329 44
132 322 86
132 364 13
132 258 42
132 170 7
132 140 97
132 342 76
132 330 96
132 313 61
132 352 46
133 396 84
133 230 35
133 184 42
133 400 79
133 269 42
133 320 79
134 225 78
134 393 17
134 292 36
134 267 86
134 398 55
134 337 34
134 211 96
134 350 17
134 158 63
134 160 53
135 340 41
135 196 100
135 229 51
135 266 80
135 282 30
135 270 51
135 192 82
136 156 68
136 208 20
136 143 91
136 338 98
136 243 5
136 368 43
136 181 77
136 382 33
137 385 30
137 369 60
137 213 54
137 226 58
137 394 50
137 188 64
137 238 6
137 160 64
138 389 51
138 202 72
138 363 69
138 208 36
138 243 92
138 261 3
138 156 58
138 224 56
139 149 19
139 292 9
139 309 83
139 268 24
139 237 97
139 211 79
139 272 46
139 179 30
139 277 81
139 314 54
139 325 88
139 328 44
140 200 10
140 330 39
140 364 61
140 148 2
140 278 33
140 170 49
140 352 45
140 288 36
141 201 29
141 227 48
141 154 92
141 147 96
141 186 24
142 353 6
142 182 67
142 283 67
143 355 69
143 327 93
143 172 23
143 365 12
143 241 99
143 338 25
143 181 56
143 150 73
143 249 45
143 368 41
143 382 32
144 155 23
144 341 27
144 302 52
144 287 73
145 355 75
145 356 79
145 293 76
145 168 5
146 305 64
146 323 16
146 148 87
146 278 25
146 231 36
146 360 100
146 152 64
146 383 61
146 240 35
147 227 45
147 186 23
147 201 9
147 154 58
147 166 61
148 305 27
148 278 30
148 364 20
148 352 59
148 351 45
149 277 51
149 328 1
149 268 57
149 237 17
149 272 9
149 309 4
149 186 96
149 314 86
150 259 60
150 327 24
150 338 6
150 265 8
150 242 57
150 241 6
150 276 40
150 181 8
150 382 28
151 268 30
151 175 41
151 273 61
151 210 54
151 277 79
151 367 26
151 376 62
151 314 23
151 217 31
151 190 83
152 323 23
152 231 56
152 360 37
152 264 60
152 397 95
152 240 37
152 305 25
152 278 37
152 346 2
152 383 98
153 353 12
153 297 13
153 330 74
153 283 8
153 200 53
153 288 5
154 311 34
154 186 88
154 317 95
154 254 37
155 341 98
155 169 15
155 347 96
156 389 93
156 202 67
156 363 21
156 208 8
156 243 36
156 345 38
156 378 7
156 224 39
157 321 55
157 308 59
157 310 25
157 391 28
157 244 21
157 280 95
157 381 94
158 225 85
158 167 36
158 394 3
158 160 34
159 171 96
159 380 42
160 225 58
160 226 95
160 167 90
160 393 51
160 394 71
160 238 46
160 337 43
161 218 16
161 253 90
161 366 62
162 242 22
162 246 2
162 373 67
162 399 58
162 358 6
162 265 23
162 221 99
163 340 33
163 229 82
163 301 48
163 270 5
164 291 87
164 374 3
164 187 9
164 315 43
164 253 60
164 219 15
164 336 70
165 289 87
165 387 90
165 356 24
165 300 17
165 206 87
165 306 34
165 260 57
165 223 61
165 191 80
166 281 7
166 349 92
166 395 22
166 176 64
167 225 77
167 394 90
167 238 6
168 355 58
168 293 61
168 365 89
168 334 62
169 341 23
169 347 11
169 351 9
170 353 8
170 258 72
170 322 40
170 330 20
170 364 77
170 342 86
170 313 8
170 352 48
171 380 99
171 342 67
172 338 64
172 355 53
172 372 90
172 249 69
172 241 7
172 365 56
172 382 60
173 385 58
173 209 100
173 333 19
173 303 30
173 177 84
173 371 56
173 213 28
173 311 79
173 248 89
173 284 7
173 317 50
173 254 65
174 373 48
174 358 51
174 345 60
174 395 5
174 349 34
175 199 27
175 210 59
175 273 10
175 343 80
175 376 46
175 217 64
175 268 30
175 190 86
175 367 34
176 281 59
176 349 85
176 395 7
177 385 20
177 284 43
177 333 2
177 303 11
177 371 8
177 213 60
177 311 43
177 248 96
177 317 23
177 254 32
178 252 42
178 266 66
178 192 61
179 209 44
179 292 83
179 325 91
179 277 9
179 333 53
179 211 86
179 272 54
179 337 84
179 393 3
179 371 20
179 267 75
180 193 50
180 354 16
180 227 60
180 197 43
180 198 42
180 362 93
180 304 20
180 295 74
180 256 51
181 327 73
181 265 1
181 242 37
181 338 55
181 368 12
181 373 51
181 345 95
181 382 5
182 283 97
182 380 100
183 306 94
183 375 42
183 356 63
183 300 48
183 318 57
183 223 2
184 230 3
184 221 61
184 269 60
184 320 61
184 205 39
184 400 32
185 212 35
185 232 85
185 233 98
185 302 58
185 255 62
185 379 51
185 220 89
185 287 34
186 328 74
186 201 77
186 237 69
186 311 96
186 317 13
187 291 84
187 336 31
187 369 7
187 228 9
187 374 91
187 344 55
187 250 43
187 315 51
187 188 14
187 219 6
188 369 44
188 228 100
188 374 33
188 344 72
188 250 37
188 319 56
188 262 35
189 195 32
189 296 40
189 329 29
189 239 22
189 279 5
189 312 88
189 245 91
189 316 70
190 307 36
190 335 51
190 357 22
190 267 85
190 367 65
191 289 38
191 387 24
191 260 3
191 306 21
191 300 60
191 206 49
191 274 52
191 388 64
191 223 30
192 193 63
192 354 32
192 304 32
192 196 39
192 252 15
192 282 86
192 348 22
193 354 54
193 295 60
193 196 48
193 256 47
193 304 95
193 252 68
193 348 64
194 259 42
194 263 21
194 264 90
194 397 41
194 275 97
194 346 8
195 296 51
195 212 41
195 316 10
195 312 94
195 245 60
195 239 3
196 252 84
196 229 84
196 299 29
196 377 69
196 282 47
196 348 45
197 198 66
197 295 19
197 361 9
197 362 57
197 304 80
197 256 66
198 354 7
198 295 79
198 361 49
198 362 54
198 227 70
198 304 95
198 256 69
199 343 71
199 210 57
199 217 39
199 204 53
200 288 51
200 231 85
200 360 9
200 297 43
200 330 8
201 227 44
202 324 73
202 389 53
202 363 47
202 243 19
202 261 12
202 224 92
203 290 72
204 343 68
204 376 86
204 217 32
204 210 24
205 276 15
205 269 23
205 286 100
205 320 72
206 387 24
206 356 83
206 300 19
206 289 66
206 260 15
206 223 32
207 329 29
208 363 21
208 243 85
208 368 45
208 373 5
208 345 39
208 378 50
208 224 37
209 385 8
209 226 34
209 393 31
209 333 50
209 211 99
209 238 72
209 337 90
209 371 3
209 213 17
209 248 50
209 284 31
210 273 77
210 343 95
210 376 7
210 314 22
210 268 92
211 337 70
211 292 90
211 226 62
211 393 64
211 325 50
211 267 28
211 333 4
211 398 53
211 371 72
212 232 27
212 233 15
212 296 10
212 245 20
212 312 37
212 379 20
212 316 87
212 255 65
213 385 76
213 226 16
213 333 91
213 238 14
213 393 40
213 371 84
213 248 12
213 284 35
214 326 73
214 279 71
214 298 86
214 366 33
215 274 71
215 388 28
216 370 11
216 294 38
216 280 28
216 298 30
216 332 11
216 381 40
217 343 33
217 367 3
218 329 81
218 366 46
219 369 95
219 291 6
219 374 85
219 250 23
219 315 100
219 253 22
219 336 77
220 233 57
220 332 99
220 302 63
220 341 24
220 379 3
220 287 35
221 230 94
221 399 12
221 281 26
221 246 57
223 289 44
223 387 3
223 356 12
223 300 37
223 306 59
223 260 31
223 375 100
223 318 49
224 389 21
224 261 88
224 363 27
224 271 15
224 243 35
224 378 14
225 393 50
225 394 56
225 238 36
225 337 69
225 350 67
226 385 10
226 394 85
226 393 75
226 333 31
226 238 64
226 337 72
226 371 1
226 248 76
226 284 78
228 369 60
228 336 23
228 262 68
228 344 57
228 250 68
228 319 53
228 374 42
229 340 39
229 266 66
229 377 80
229 282 16
229 270 47
231 264 30
231 360 73
231 397 42
231 305 93
231 275 19
231 278 97
231 346 14
232 233 68
232 287 98
232 379 85
232 255 12
233 298 100
233 332 16
233 287 76
233 312 81
233 379 44
233 255 55
234 251 95
234 285 91
234 247 39
235 392 73
236 386 65
236 258 29
236 313 39
236 364 64
236 351 34
237 328 13
237 272 69
237 309 40
237 311 60
237 317 68
238 385 50
238 337 4
238 393 22
238 394 35
238 333 50
238 371 79
238 284 70
239 296 17
239 329 25
239 245 89
239 316 9
240 323 47
240 308 81
240 346 40
240 397 33
240 383 3
241 327 100
241 365 35
241 338 4
241 249 28
241 382 55
242 327 30
242 265 11
242 399 87
242 373 34
242 382 32
242 246 87
243 389 8
243 363 58
243 378 2
243 345 97
243 261 44
244 321 15
244 308 97
244 310 53
244 391 36
244 280 62
244 381 35
245 312 22
245 316 64
245 296 49
246 265 85
246 399 48
246 276 41
246 286 18
248 385 11
248 393 78
248 333 81
248 371 21
248 303 56
248 311 55
248 284 96
248 254 6
249 355 60
249 365 9
249 334 36
249 338 91
249 372 81
250 369 23
250 257 28
250 339 2
250 291 97
251 285 57
252 354 45
252 256 5
252 304 80
253 291 80
253 315 99
254 303 40
254 396 95
254 317 74
254 311 12
255 379 96
255 287 53
256 354 32
256 359 83
256 361 31
256 362 2
256 304 58
256 295 56
257 339 61
257 390 72
258 322 57
258 313 6
258 364 31
258 352 35
259 263 56
259 327 3
259 276 89
259 286 55
260 387 94
260 356 78
260 300 97
260 289 23
260 306 59
260 375 97
261 324 22
261 363 75
261 271 19
261 378 56
261 299 85
262 369 81
262 374 52
262 344 46
262 319 70
263 264 5
263 397 88
263 323 92
263 275 32
263 276 21
263 346 12
264 275 35
264 346 65
264 397 2
264 323 30
264 383 87
265 358 35
265 399 52
265 345 26
265 373 81
265 382 86
266 270 82
267 325 46
267 331 38
267 335 74
267 398 60
267 307 5
267 292 67
267 350 67
267 357 46
267 384 74
268 309 3
268 328 14
268 272 34
268 273 26
268 376 54
268 277 14
268 314 64
269 320 47
270 340 32
270 301 56
271 378 77
271 377 21
271 282 78
271 363 67
271 299 58
272 328 31
272 325 77
272 309 90
272 277 86
272 314 33
273 376 47
273 309 71
273 328 5
273 314 31
273 277 59
274 289 45
275 360 13
275 346 97
275 397 43
276 286 26
277 292 27
277 328 47
277 325 39
277 309 60
277 314 11
277 357 62
278 305 23
278 360 79
278 364 67
279 312 88
279 329 33
279 298 25
280 321 29
280 370 38
280 294 83
280 381 5
281 358 68
281 349 60
282 348 39
282 377 32
282 299 50
283 353 82
283 297 67
283 330 59
283 288 31
284 385 48
284 393 74
284 333 97
284 303 4
284 371 74
284 311 33
285 301 25
287 341 69
287 302 65
287 379 34
288 353 58
288 297 84
288 330 45
289 387 59
290 334 10
291 369 70
291 374 100
291 315 58
291 336 27
292 357 96
292 393 84
292 307 96
292 335 34
292 337 28
292 398 96
292 325 62
292 350 6
293 355 10
293 356 59
293 375 77
293 318 84
294 321 12
294 370 1
294 381 18
295 354 51
295 359 33
295 361 93
295 362 65
295 304 12
296 312 59
296 316 55
297 353 73
297 330 3
298 332 3
298 312 64
299 377 31
299 378 18
299 363 22
299 348 50
300 387 3
300 318 87
300 306 67
300 356 70
300 375 27
301 340 90
302 341 65
302 379 1
303 385 61
303 311 81
304 354 37
304 359 75
304 361 6
304 362 22
305 360 45
306 387 98
306 356 71
306 375 81
306 318 95
307 357 44
307 384 98
307 398 24
307 335 98
308 321 85
308 310 78
308 391 31
308 383 22
309 328 40
309 376 46
309 314 52
310 321 76
310 391 8
311 317 18
312 316 85
313 322 62
313 364 26
313 352 69
314 328 100
314 376 63
315 374 26
315 336 26
318 375 73
318 356 95
319 369 98
319 374 97
319 344 3
319 336 44
321 370 93
321 391 32
321 381 78
322 342 69
322 352 98
323 346 14
323 397 40
323 383 29
325 357 55
325 328 53
325 393 2
325 337 50
326 370 78
326 366 21
327 338 72
327 382 42
330 353 89
330 352 57
331 384 80
331 398 23
331 335 26
331 350 87
332 379 29
333 385 19
333 393 83
333 371 70
334 355 48
334 372 62
334 365 54
335 357 15
335 398 100
335 384 73
336 374 28
336 344 21
337 393 89
337 398 37
337 394 47
337 350 45
338 355 40
338 368 47
338 382 55
339 390 62
342 380 91
342 352 21
344 369 29
344 374 22
345 358 19
345 373 5
346 360 75
346 397 56
346 383 21
347 386 60
347 351 88
348 354 16
348 377 23
350 398 26
350 384 45
351 386 58
351 364 22
352 364 5
355 365 4
356 387 86
356 375 37
357 398 61
357 384 40
358 373 60
358 399 44
359 362 33
359 361 99
361 362 60
363 378 71
364 386 80
365 372 49
368 382 30
369 374 20
370 381 88
371 385 71
371 393 25
373 399 17
383 397 8
384 398 87
385 393 27
387 389 17
390 400 49
396 400 38
10
1
1
1 2
1 2 3 4
1 2 3 4 5 6 7
1 2 3 4 5 6 7 8 9 10 11 12 13
1 2 3 4 5 6 7 8 9 10 11 12 13 14 15 16 17 18 19 20 21 22 23 24 25
1 2 3 4 5 6 7 8 9 10 11 12 13 14 15 16 17 18 19 20 21 22 23 24 25 26 27 28 29 30 31 32 33 34 35 36 37 38 39 40 41 42 43 44 45 46 47 48 49 50
1 2 3 4 5 6 7 8 9 10 11 12 13 14 15 16 17 18 19 20 21 22 23 24 25 26 27 28 29 30 31 32 33 34 35 36 37 38 39 40 41 42 43 44 45 46 47 48 49 50 51 52 53 54 55 56 57 58 59 60 61 62 63 64 65 66 67 68 69 70 71 72 73 74 75 76 77 78 79 80 81 82 83 84 85 86 87 88 89 90 91 92 93 94 95 96 97 98 99 100
1 2 3 4 5 6 7 8 9 10 11 12 13 14 15 16 17 18 19 20 21 22 23 24 25 26 27 28 29 30 31 32 33 34 35 36 37 38 39 40 41 42 43 44 45 46 47 48 49 50 51 52 53 54 55 56 57 58 59 60 61 62 63 64 65 66 67 68 69 70 71 72 73 74 75 76 77 78 79 80 81 82 83 84 85 86 87 88 89 90 91 92 93 94 95 96 97 98 99 100 101 102 103 104 105 106 107 108 109 110 111 112 113 114 115 116 117 118 119 120 121 122 123 124 125 126 127 128 129 130 131 132 133 134 135 136 137 138 139 140 141 142 143 144 145 146 147 148 149 150 151 152 153 154 155 156 157 158 159 160 161 162 163 164 165 166 167 168 169 170 171 172 173 174 175 176 177 178 179 180 181 182 183 184 185 186 187 188 189 190 191 192 193 194 195 196 197 198 199 200
