1879
1 305 12
1 177 92
1 259 52
1 20 20
1 132 72
1 138 18
1 251 66
1 204 44
1 195 99
1 287 51
1 176 66
2 289 23
2 98 88
2 234 15
2 76 93
2 77 6
2 207 36
3 291 39
3 32 43
3 158 63
3 160 60
4 101 29
4 163 92
4 85 67
4 335 44
4 103 15
4 285 84
4 155 68
4 349 26
4 13 14
4 336 84
5 339 2
5 277 33
5 344 20
5 41 49
5 216 69
5 94 27
6 98 92
6 99 43
6 36 64
6 233 16
6 202 55
6 75 80
6 44 100
6 83 97
6 179 47
6 52 3
6 53 4
6 88 84
6 313 73
6 234 79
6 125 39
6 43 94
7 193 98
7 340 77
7 326 100
7 55 8
7 219 13
7 192 40
7 174 27
7 64 10
8 85 61
8 121 78
8 165 77
8 103 14
8 105 17
8 101 94
8 220 68
8 285 1
9 102 36
9 199 6
9 168 30
9 170 2
9 156 48
9 144 61
10 18 55
10 67 48
10 325 98
10 278 93
10 327 79
10 281 72
10 137 70
10 142 71
10 63 81
10 78 91
11 17 31
11 209 76
11 324 59
11 229 14
11 134 57
11 228 72
11 73 75
11 154 18
11 120 41
11 172 72
11 15 10
12 226 88
12 67 28
12 92 75
12 167 71
12 231 41
12 194 26
12 332 96
12 110 91
12 78 96
12 81 61
12 18 10
12 308 70
12 86 12
12 247 79
12 188 43
12 278 5
13 161 23
13 105 12
13 163 22
13 85 72
13 103 15
13 232 22
13 185 47
13 101 83
13 335 43
14 321 22
14 209 83
14 140 76
14 229 98
14 134 69
14 25 86
14 154 76
14 172 7
14 15 37
14 288 62
15 209 62
15 228 31
15 229 95
15 134 10
15 154 90
15 299 14
15 172 57
15 288 71
16 65 48
16 196 77
16 197 73
16 198 4
16 136 61
16 108 57
16 109 94
16 239 88
16 113 39
16 338 31
16 54 79
16 346 2
17 100 69
17 134 4
17 263 48
17 200 49
17 172 2
17 119 47
17 58 95
17 283 87
17 62 60
17 223 31
17 96 75
18 67 100
18 332 16
18 325 98
18 327 95
18 167 29
18 137 8
18 78 53
18 142 57
18 278 56
18 281 8
18 92 34
18 63 29
19 291 28
19 277 79
19 327 99
19 32 64
19 237 14
19 158 76
19 63 48
19 256 37
20 177 39
20 195 90
20 132 7
20 200 17
20 259 23
20 257 55
20 176 38
20 305 16
20 251 87
20 62 16
20 287 60
21 244 81
21 212 67
21 264 59
21 282 19
21 270 36
21 303 55
22 242 34
22 331 11
22 220 27
22 35 41
22 272 82
23 129 7
23 238 41
23 87 5
23 311 69
23 201 9
23 211 13
23 235 86
23 110 67
23 80 27
23 81 82
23 147 3
23 308 22
23 213 75
23 247 14
23 91 20
23 253 56
23 151 19
23 224 98
24 258 5
24 231 41
24 194 10
24 42 22
24 236 47
24 271 35
24 254 68
24 81 85
24 306 46
24 211 81
24 117 49
24 86 11
24 151 72
24 91 29
24 222 25
25 100 57
25 229 87
25 58 13
25 106 52
25 112 84
25 122 17
25 140 12
25 223 78
25 288 18
26 258 3
26 297 19
26 267 75
26 211 23
26 84 33
26 181 98
26 150 27
26 151 73
26 213 85
26 284 58
26 157 45
26 318 91
27 225 94
27 114 23
27 187 29
27 93 91
27 328 18
28 321 90
28 146 30
28 51 70
28 140 24
28 265 89
28 60 92
29 178 64
29 275 88
29 148 70
29 261 28
29 71 47
29 34 66
29 345 50
29 314 6
29 171 95
29 266 27
29 170 85
30 241 34
30 276 56
30 309 3
30 169 67
30 330 59
30 316 10
30 128 52
31 145 35
31 340 12
31 309 94
31 342 82
31 328 46
31 104 46
31 330 64
31 315 84
31 316 67
31 174 99
31 128 43
32 158 61
32 291 14
32 160 73
32 256 78
33 65 82
33 66 68
33 326 77
33 130 77
33 298 45
33 192 29
33 47 99
33 273 44
33 210 92
33 115 86
33 55 45
33 56 2
33 90 21
33 348 98
33 346 30
33 38 23
34 133 77
34 71 22
34 170 5
34 171 73
34 300 38
34 175 82
34 178 72
34 275 20
34 148 16
34 183 25
34 345 18
34 261 77
34 255 8
35 337 49
35 290 40
35 165 96
35 242 59
35 107 59
35 220 5
35 272 12
36 99 62
36 125 57
36 43 1
36 44 84
36 83 23
36 143 81
36 179 15
36 52 42
36 53 9
36 88 95
36 202 14
36 317 66
36 75 69
37 289 50
37 98 39
37 118 78
37 215 65
37 312 43
37 313 2
37 234 77
37 76 53
37 233 18
37 207 4
37 294 87
38 65 26
38 66 94
38 197 87
38 326 51
38 298 45
38 97 96
38 108 27
38 47 57
38 273 50
38 210 39
38 115 48
38 246 53
38 56 84
38 90 84
38 50 76
38 189 34
38 346 92
39 274 55
39 339 66
39 87 2
39 311 31
39 216 27
39 201 19
39 139 40
39 95 79
39 235 41
39 319 14
39 262 15
40 162 6
40 324 48
40 69 35
40 302 26
40 120 98
40 260 99
40 203 29
40 283 68
40 347 31
40 208 97
41 339 74
41 216 54
41 277 38
41 344 55
41 94 18
42 227 23
42 268 52
42 166 46
42 296 8
42 301 94
42 236 7
42 45 93
42 206 65
42 222 16
42 306 53
42 117 60
42 61 97
42 190 40
42 127 91
43 99 13
43 202 6
43 75 5
43 44 54
43 83 17
43 143 70
43 179 25
43 52 48
43 53 35
43 88 41
43 125 67
44 99 41
44 165 19
44 295 52
44 264 91
44 202 60
45 161 79
45 227 93
45 296 88
45 267 98
45 268 7
45 301 88
45 222 10
45 243 33
45 212 75
45 152 39
45 61 55
45 190 29
45 127 30
46 129 73
46 164 46
46 262 13
46 72 6
46 139 6
46 238 93
46 80 85
46 147 30
46 310 76
46 311 26
46 280 83
46 252 89
46 224 39
47 97 48
47 66 8
47 210 58
47 130 33
47 298 60
47 333 64
47 322 3
47 273 87
47 50 86
47 115 98
47 341 44
47 246 53
47 343 46
47 56 99
47 90 57
47 348 86
48 323 65
48 260 76
48 69 1
48 302 54
48 59 69
48 203 24
48 208 70
49 257 61
49 323 65
49 149 75
49 293 91
49 59 88
49 141 40
49 208 1
50 273 53
50 66 76
50 115 62
50 341 70
50 246 20
50 322 16
50 333 39
50 97 90
50 189 55
51 321 27
51 146 9
51 60 77
51 140 77
51 265 65
51 159 95
52 83 9
52 317 98
52 179 30
52 143 82
52 337 58
52 307 22
52 53 37
52 88 24
52 125 66
52 75 24
52 70 42
53 98 72
53 233 48
53 234 33
53 75 57
53 76 67
53 83 40
53 143 62
53 179 41
53 88 59
53 125 29
54 113 60
54 82 95
54 294 5
54 124 21
54 109 81
54 239 68
55 130 4
55 340 4
55 199 77
55 210 8
55 219 49
55 192 91
55 193 56
55 174 29
55 326 32
56 66 17
56 326 34
56 130 67
56 65 98
56 298 82
56 273 62
56 210 92
56 115 30
56 346 98
56 90 94
56 348 20
56 192 88
57 74 71
57 331 79
57 107 52
57 272 31
58 100 12
58 229 29
58 138 6
58 204 84
58 112 19
58 119 75
58 106 37
58 251 58
58 96 6
58 62 46
58 223 74
58 288 62
59 323 7
59 260 53
59 69 40
59 293 4
59 208 54
60 321 64
60 167 45
60 135 90
60 265 77
60 206 18
60 271 2
60 286 97
60 146 87
60 184 50
60 254 38
60 159 36
61 161 23
61 227 35
61 268 6
61 301 19
61 243 45
61 212 5
61 152 51
61 282 66
61 190 24
61 127 1
62 257 91
62 177 22
62 195 42
62 132 23
62 263 58
62 200 59
62 138 100
62 119 8
62 251 14
62 223 43
62 96 15
63 67 80
63 327 6
63 137 16
63 237 63
63 78 51
63 278 68
63 281 37
63 92 63
63 160 6
64 65 91
64 219 98
64 276 46
64 109 73
65 197 67
65 326 54
65 136 76
65 108 71
65 109 19
65 90 52
65 346 72
66 97 61
66 322 54
66 130 14
66 298 95
66 333 31
66 273 32
66 210 86
66 115 13
66 343 11
66 90 42
66 348 43
67 332 85
67 325 63
67 167 6
67 327 3
67 137 20
67 78 40
67 142 47
67 278 33
67 281 18
67 92 42
68 162 33
68 153 53
68 133 26
68 73 45
68 123 54
68 205 11
68 320 41
69 323 3
69 260 30
69 203 91
69 208 25
69 302 91
70 337 10
70 290 80
70 307 12
70 74 32
70 107 81
70 317 87
70 83 41
70 143 8
71 261 22
71 183 17
71 269 28
71 171 41
71 300 23
71 205 43
71 175 98
71 178 11
71 275 1
71 148 18
71 279 23
71 133 77
71 255 2
72 164 26
72 310 52
72 280 62
72 252 29
72 319 27
72 262 4
73 324 8
73 162 8
73 131 96
73 228 54
73 153 13
73 205 49
73 123 64
73 320 37
74 337 32
74 290 88
74 242 46
74 107 64
74 317 83
74 331 57
74 272 72
75 98 53
75 99 29
75 233 96
75 234 5
75 83 74
75 143 67
75 179 40
75 88 49
75 313 58
75 125 17
76 289 75
76 98 50
76 77 31
76 233 9
76 234 20
76 125 3
76 207 56
77 289 68
77 191 5
77 207 51
78 92 61
78 278 3
78 327 7
78 281 40
78 137 75
78 237 66
79 322 99
79 131 11
79 292 81
79 299 83
79 333 24
79 240 93
79 209 62
79 341 46
79 343 30
79 154 4
79 250 25
79 350 46
80 129 23
80 311 53
80 87 97
80 147 3
80 139 82
80 110 12
80 238 72
80 81 100
80 211 30
80 181 3
80 213 39
80 91 37
80 253 21
80 235 10
80 151 94
80 224 3
81 226 82
81 87 32
81 231 15
81 194 61
81 211 54
81 308 71
81 235 88
81 332 59
81 110 22
81 147 45
81 238 54
81 86 40
81 151 31
81 91 21
81 188 22
81 253 14
81 247 48
82 239 9
82 244 85
82 215 72
82 313 83
82 124 12
82 118 2
82 303 43
82 294 36
83 179 17
83 143 82
83 337 10
83 307 83
83 88 28
83 317 14
84 258 13
84 181 19
84 297 89
84 267 86
84 211 28
84 213 42
84 150 42
84 151 74
84 284 32
84 157 100
84 318 27
85 121 51
85 163 75
85 101 38
85 103 65
85 232 43
85 105 60
85 285 35
85 335 22
86 194 50
86 167 28
86 231 71
86 226 18
86 332 97
86 271 7
86 286 99
86 306 55
86 254 1
87 247 46
87 201 30
87 235 85
87 110 44
87 238 16
87 147 33
87 308 47
87 311 50
87 91 35
87 188 52
87 253 94
87 139 38
88 98 10
88 99 81
88 233 9
88 234 78
88 179 49
88 143 1
88 125 89
89 329 46
89 180 6
89 182 3
89 217 21
89 155 97
89 349 46
89 334 26
89 336 32
90 197 23
90 298 73
90 108 43
90 273 91
90 210 88
90 115 13
90 346 65
90 189 17
90 326 46
91 194 72
91 231 92
91 258 41
91 235 5
91 110 75
91 147 58
91 238 86
91 211 10
91 308 83
91 181 3
91 213 24
91 253 60
91 151 87
91 247 23
92 327 26
92 332 40
92 237 53
92 308 61
92 278 77
92 247 22
92 281 80
92 188 68
93 225 3
93 114 84
93 245 59
93 342 45
93 328 33
93 218 26
93 187 31
94 339 92
94 344 21
94 277 65
94 216 26
95 274 34
95 339 93
95 216 87
95 201 59
95 139 25
96 195 49
96 100 85
96 263 7
96 200 69
96 138 85
96 204 8
96 112 7
96 119 28
96 106 5
96 251 29
96 223 50
97 115 87
97 246 15
97 322 5
97 265 62
97 189 8
97 126 36
98 233 98
98 234 15
98 207 7
98 179 92
98 313 16
98 125 58
99 264 5
99 202 17
99 303 2
100 229 20
100 106 38
100 112 36
100 119 71
100 138 11
100 251 50
100 288 45
100 223 53
101 185 28
101 165 67
101 103 11
101 295 77
101 232 41
101 105 49
101 220 32
102 340 97
102 342 88
102 199 47
102 174 100
102 144 65
103 121 60
103 163 65
103 335 9
103 105 28
103 155 53
103 285 53
104 145 68
104 225 11
104 340 3
104 114 30
104 342 25
104 328 52
104 330 52
104 315 19
104 174 25
105 185 92
105 165 32
105 295 44
105 232 84
105 220 66
106 325 1
106 138 12
106 204 86
106 112 43
106 119 40
106 122 95
106 251 33
106 288 33
106 223 50
107 337 49
107 242 82
107 290 5
107 331 75
107 317 4
107 272 38
108 196 28
108 197 28
108 198 74
108 136 11
108 113 29
108 338 77
108 346 83
108 189 43
108 126 68
109 124 62
109 239 18
110 332 61
110 231 65
110 201 96
110 235 78
110 147 30
110 308 32
110 247 37
110 188 31
110 253 66
111 241 30
111 114 49
111 214 81
111 187 52
111 315 63
111 304 61
112 229 87
112 119 55
112 138 80
112 122 48
112 251 42
112 223 96
112 288 63
113 338 11
113 196 74
113 197 59
113 198 96
113 244 56
113 136 78
113 239 72
114 214 20
114 187 15
114 328 26
114 315 64
114 304 99
115 322 26
115 298 73
115 333 100
115 273 72
115 246 93
115 189 64
115 126 87
116 173 82
116 319 30
117 236 53
117 166 64
117 135 22
117 296 72
117 206 2
117 271 82
117 222 24
117 306 84
117 254 54
117 184 17
117 286 90
118 313 52
118 294 79
118 215 99
118 233 70
118 303 21
119 263 84
119 200 28
119 138 67
119 251 45
119 288 89
119 223 16
120 324 45
120 162 66
120 283 57
120 228 88
120 153 68
120 347 46
120 123 31
121 220 78
121 285 97
122 321 68
122 325 4
122 140 54
122 142 10
122 288 91
123 153 97
123 324 94
123 228 88
123 162 89
123 205 33
123 131 77
123 320 37
124 294 13
124 239 73
125 233 37
125 234 49
125 207 5
125 179 62
125 313 45
126 249 63
126 246 89
126 196 75
126 338 16
126 265 43
126 136 50
126 189 20
127 161 35
127 243 81
127 301 19
127 152 51
127 267 44
127 268 16
127 190 64
128 241 34
128 309 38
128 214 20
128 169 74
128 330 27
128 315 68
128 316 95
129 164 46
129 262 63
129 139 16
129 147 14
129 238 87
129 213 15
129 310 68
129 311 38
129 280 34
129 252 92
129 224 46
130 193 58
130 326 47
130 298 1
130 333 34
130 273 95
130 210 17
130 343 95
130 314 68
130 348 14
130 192 77
131 292 35
131 133 62
131 269 88
131 299 75
131 205 35
131 175 80
131 240 23
131 279 78
131 350 4
131 255 38
131 320 22
132 257 26
132 195 14
132 200 48
132 176 58
132 251 61
132 177 19
132 305 75
133 183 41
133 205 77
133 300 74
133 269 73
133 175 14
133 240 64
133 275 87
133 279 100
133 255 58
133 320 95
134 209 58
134 324 24
134 228 13
134 229 69
134 154 30
134 172 21
134 288 80
135 166 70
135 167 99
135 146 13
135 236 84
135 206 88
135 271 70
135 254 89
135 306 26
135 184 11
135 286 69
135 159 96
136 338 77
136 196 17
136 197 71
136 198 9
136 346 57
136 189 36
137 325 55
137 278 33
137 327 61
137 281 42
137 142 37
138 200 10
138 204 63
138 176 73
138 251 99
138 223 68
139 164 72
139 262 62
139 201 96
139 235 15
139 238 8
139 274 60
139 147 71
139 311 99
139 280 26
139 310 98
139 252 75
139 319 65
139 224 74
140 321 94
140 146 28
140 159 87
141 257 63
141 195 3
141 149 80
141 263 64
141 200 93
141 293 72
142 325 3
142 278 4
142 167 44
142 286 6
142 159 2
143 307 40
143 179 14
143 317 62
144 345 52
144 199 97
144 170 93
144 266 61
144 314 16
145 340 14
145 309 39
145 342 73
145 276 91
145 330 9
145 219 95
145 316 1
145 174 94
146 321 47
146 167 22
146 184 5
146 265 98
146 286 84
146 159 20
147 151 36
147 235 55
147 238 2
147 211 79
147 181 39
147 311 62
147 213 48
147 253 15
147 224 55
148 261 17
148 170 90
148 171 60
148 300 68
148 175 8
148 178 29
148 275 81
148 266 44
148 345 20
148 314 80
148 255 84
149 257 69
149 293 70
150 258 27
150 252 56
150 213 19
150 180 14
150 297 36
150 238 2
150 181 93
150 310 82
150 217 8
150 284 42
150 318 98
150 224 23
151 258 36
151 181 15
151 297 91
151 238 33
151 211 26
151 213 56
152 161 63
152 227 87
152 268 32
152 301 35
152 270 51
152 243 14
152 212 54
152 282 9
152 190 60
153 324 90
153 162 62
153 228 58
153 283 72
153 347 95
154 229 76
154 172 83
154 209 4
154 341 30
154 250 16
154 299 24
154 288 91
155 329 64
155 182 68
155 349 60
155 285 21
155 334 65
155 335 34
155 336 47
156 218 14
156 245 60
156 168 55
157 163 99
157 180 24
157 297 65
157 267 49
157 284 55
157 349 27
157 318 71
157 335 32
157 336 89
158 291 34
158 160 19
158 256 15
159 321 36
159 254 16
159 167 60
159 286 51
160 281 46
160 291 60
161 163 59
161 232 94
161 267 27
161 268 17
161 243 57
162 324 73
162 228 86
162 347 44
162 283 59
162 302 54
163 232 21
163 267 51
163 335 5
163 336 83
163 284 41
163 349 28
164 252 14
164 262 21
164 311 50
164 280 86
164 319 47
164 310 6
165 220 52
165 295 46
165 242 90
165 185 36
165 202 27
166 227 47
166 296 65
166 236 31
166 206 72
166 271 94
166 222 74
166 306 78
166 254 11
166 184 29
166 286 25
167 194 8
167 231 2
167 332 62
167 271 47
167 254 37
167 226 63
167 286 60
168 218 62
168 245 65
169 276 53
169 309 72
169 330 4
169 316 68
170 314 63
170 345 6
170 266 77
170 171 30
170 178 97
171 261 5
171 175 1
171 178 72
171 275 26
171 266 49
171 345 30
171 314 67
171 255 84
172 228 85
172 229 58
172 209 31
172 324 65
172 223 27
172 288 4
174 193 66
174 199 31
174 340 79
174 342 39
174 219 10
174 192 5
175 279 80
175 205 12
175 300 66
175 269 9
175 240 72
175 178 70
175 343 21
175 314 2
175 261 33
175 348 80
175 266 73
175 350 21
175 255 19
175 320 12
176 177 95
176 259 7
176 251 52
176 204 66
176 287 11
176 305 20
177 257 78
177 259 68
177 200 91
177 195 68
177 305 58
177 251 14
177 287 22
178 261 61
178 300 51
178 269 68
178 275 49
178 266 51
178 345 83
178 314 86
178 255 5
179 233 47
179 234 65
180 329 51
180 217 19
180 186 60
180 318 29
180 336 30
180 349 58
180 334 59
180 182 58
181 258 40
181 297 1
181 211 18
181 238 57
181 213 49
181 284 94
181 318 78
181 224 76
182 329 2
182 217 64
182 186 5
182 349 84
182 334 100
182 336 81
183 275 15
183 300 60
184 306 25
184 296 53
184 265 80
184 236 38
184 206 72
184 271 69
184 254 5
184 249 80
184 286 33
185 243 12
185 295 10
185 264 16
185 232 99
186 217 18
186 252 83
186 334 61
186 310 21
187 214 95
187 328 82
187 315 44
187 304 97
188 226 90
188 332 9
188 231 94
188 237 73
188 308 59
188 247 35
188 253 60
189 196 67
189 197 17
189 338 86
189 265 29
189 246 37
189 346 15
189 249 82
190 227 35
190 236 8
190 301 41
190 296 27
190 222 9
190 268 53
191 289 90
191 221 44
191 312 23
191 248 48
192 193 18
192 199 38
192 298 17
192 210 88
192 340 33
192 219 95
192 326 49
193 199 9
193 210 38
193 340 81
193 326 70
193 219 85
194 226 51
194 332 56
194 231 17
194 271 30
194 286 57
194 306 4
194 254 53
195 257 85
195 263 3
195 200 58
195 305 60
195 251 36
196 338 27
196 197 79
196 230 6
196 249 1
196 198 33
197 338 58
197 346 94
198 338 80
198 244 39
198 230 20
199 340 47
199 314 3
199 266 68
200 257 64
200 263 66
200 305 100
200 251 20
201 274 3
201 339 56
201 308 88
201 311 40
201 216 55
201 253 38
201 235 45
202 295 29
202 264 85
203 323 50
203 260 40
203 302 90
203 283 44
203 208 20
203 347 82
204 259 91
204 251 23
204 287 82
205 300 17
205 269 16
205 240 62
205 279 84
205 255 95
205 320 17
206 296 34
206 236 80
206 271 26
206 254 24
206 306 61
206 249 4
206 286 4
206 222 32
207 289 62
207 233 94
207 234 53
207 215 26
207 312 69
207 313 92
208 323 76
208 260 30
208 302 27
208 293 69
209 292 62
209 229 100
209 341 83
209 250 39
209 299 65
210 326 44
210 298 31
210 273 73
210 348 93
211 258 80
211 297 74
211 238 25
211 213 34
212 227 78
212 244 4
212 230 34
212 282 93
212 268 11
212 270 14
212 243 10
213 258 2
213 297 96
213 238 32
213 252 97
213 318 12
213 224 58
214 241 49
214 315 5
215 313 38
215 312 80
215 233 19
215 294 42
216 339 26
216 277 32
216 274 3
216 344 31
217 334 54
217 329 80
217 349 50
217 318 38
217 336 29
218 225 73
218 245 6
219 276 69
219 326 52
219 340 2
220 295 15
221 289 88
221 248 93
222 227 78
222 296 75
222 301 23
222 236 27
222 271 3
222 306 63
222 254 20
223 229 58
223 251 90
223 288 77
224 311 57
224 238 20
224 280 11
224 310 12
224 252 16
224 262 98
225 245 44
225 342 72
225 328 74
226 332 61
226 231 76
226 271 54
226 254 85
226 306 15
226 247 25
226 286 17
227 268 65
227 296 11
227 236 32
227 301 16
227 282 30
227 230 42
228 324 79
228 283 60
229 288 33
230 338 64
230 244 79
230 296 99
230 282 84
230 268 42
231 332 64
231 308 95
231 247 9
231 254 44
232 243 25
232 295 24
233 234 3
233 303 25
233 313 34
234 313 30
235 247 53
235 253 63
235 238 57
235 274 68
235 308 48
235 311 16
236 296 62
236 301 64
236 271 1
236 254 41
236 306 10
237 247 80
237 327 45
237 281 75
237 308 8
238 311 90
238 252 84
239 244 21
239 294 100
240 292 92
240 343 15
240 269 83
240 299 32
240 279 79
240 333 47
240 261 38
240 350 20
240 255 35
240 320 22
242 337 33
242 290 97
242 331 24
242 272 31
243 282 49
243 268 58
243 270 52
244 282 30
244 270 79
245 342 75
245 328 58
246 322 48
246 265 74
247 332 15
247 308 83
247 253 68
248 289 80
249 338 71
249 265 95
250 322 61
250 292 86
250 341 43
250 299 21
250 333 9
250 350 92
251 305 75
252 262 18
252 311 100
252 280 30
252 310 38
253 339 27
253 308 28
254 271 25
254 286 8
254 306 94
255 261 31
255 279 40
255 266 7
255 300 57
255 350 62
255 343 20
255 269 16
255 320 11
256 291 11
256 277 75
257 263 65
258 297 16
258 267 55
258 284 44
259 305 63
259 287 57
260 323 18
260 293 79
260 302 67
261 266 25
261 269 99
261 314 22
262 310 39
262 311 97
262 280 83
262 319 77
264 295 4
264 270 70
266 314 97
267 297 55
267 284 88
268 296 1
268 301 22
268 282 25
269 292 14
269 343 1
269 300 62
269 279 75
269 350 40
269 320 32
270 282 42
271 286 35
271 296 62
271 306 34
272 331 3
273 298 80
273 333 34
273 343 10
273 348 59
273 326 49
274 339 58
275 300 35
276 309 20
276 330 40
276 316 80
277 339 5
278 325 27
278 327 19
278 281 33
279 292 70
279 300 53
279 350 26
279 320 27
280 311 11
280 310 22
280 319 54
281 325 75
281 327 2
283 324 10
283 347 57
283 302 3
284 297 38
284 318 35
286 306 88
287 305 35
289 312 52
290 337 88
290 317 93
292 322 37
292 299 8
292 333 72
292 341 46
292 343 70
292 350 3
292 320 21
293 323 65
294 312 12
296 306 69
296 301 75
297 318 54
298 326 82
298 333 43
298 343 29
298 348 91
299 322 6
299 341 56
299 350 9
300 320 42
302 323 41
302 347 66
303 313 62
307 317 79
308 332 20
309 330 7
309 316 28
310 311 7
312 313 70
315 328 88
316 330 40
317 337 40
320 350 80
322 333 84
322 341 16
322 343 16
322 350 18
326 346 68
328 342 27
329 349 69
329 334 3
329 335 29
329 336 98
333 341 74
333 343 71
333 348 42
333 350 49
334 349 81
334 336 40
335 349 65
335 336 85
336 349 51
340 342 20
341 343 12
341 350 25
343 348 18
343 350 39
348 350 13
10
1
1
1 2
1 2 3
1 2 3 4 5 6
1 2 3 4 5 6 7 8 9 10 11
1 2 3 4 5 6 7 8 9 10 11 12 13 14 15 16 17 18 19 20 21 22
1 2 3 4 5 6 7 8 9 10 11 12 13 14 15 16 17 18 19 20 21 22 23 24 25 26 27 28 29 30 31 32 33 34 35 36 37 38 39 40 41 42 43 44
1 2 3 4 5 6 7 8 9 10 11 12 13 14 15 16 17 18 19 20 21 22 23 24 25 26 27 28 29 30 31 32 33 34 35 36 37 38 39 40 41 42 43 44 45 46 47 48 49 50 51 52 53 54 55 56 57 58 59 60 61 62 63 64 65 66 67 68 69 70 71 72 73 74 75 76 77 78 79 80 81 82 83 84 85 86 87 88
1 2 3 4 5 6 7 8 9 10 11 12 13 14 15 16 17 18 19 20 21 22 23 24 25 26 27 28 29 30 31 32 33 34 35 36 37 38 39 40 41 42 43 44 45 46 47 48 49 50 51 52 53 54 55 56 57 58 59 60 61 62 63 64 65 66 67 68 69 70 71 72 73 74 75 76 77 78 79 80 81 82 83 84 85 86 87 88 89 90 91 92 93 94 95 96 97 98 99 100 101 102 103 104 105 106 107 108 109 110 111 112 113 114 115 116 117 118 119 120 121 122 123 124 125 126 127 128 129 130 131 132 133 134 135 136 137 138 139 140 141 142 143 144 145 146 147 148 149 150 151 152 153 154 155 156 157 158 159 160 161 162 163 164 165 166 167 168 169 170 171 172 173 174 175
