2123
1 97 73
1 291 35
1 116 63
1 150 22
1 359 52
1 382 48
1 195 41
1 378 75
1 380 62
1 206 9
1 142 56
2 320 58
2 60 61
2 229 19
2 26 82
2 55 73
2 72 1
2 10 89
2 220 21
2 119 21
2 191 1
2 96 61
3 33 18
3 329 68
3 340 78
3 88 19
3 201 4
3 234 78
3 236 80
3 334 98
3 160 52
4 194 16
4 355 42
4 83 14
4 198 10
4 270 4
4 399 47
4 146 90
4 243 57
4 117 75
4 375 47
4 287 91
4 358 15
5 241 51
5 180 83
5 53 90
5 294 29
5 360 88
5 203 15
5 396 2
5 110 69
5 318 25
6 327 59
6 136 73
6 138 100
6 8 64
6 173 54
6 80 8
6 370 50
6 147 3
6 319 92
6 374 14
6 311 43
6 344 60
6 383 51
7 273 4
7 182 53
7 293 64
7 134 1
7 242 19
7 313 86
7 266 51
7 238 38
7 255 96
7 32 82
8 327 28
8 136 94
8 376 3
8 173 91
8 303 57
8 370 90
8 319 89
8 309 45
8 374 86
8 311 37
8 344 22
8 383 62
9 353 20
9 225 42
9 260 59
9 133 38
9 326 33
9 39 1
9 232 35
9 331 58
9 76 45
9 397 66
9 132 77
9 216 59
9 154 36
9 155 34
9 28 34
9 66 11
10 99 11
10 220 35
10 229 52
10 390 7
10 72 91
10 55 21
10 26 71
10 347 32
10 92 63
10 317 42
10 191 55
10 96 50
11 17 8
11 296 71
11 268 83
11 316 52
11 346 4
11 362 67
11 104 50
11 45 49
11 111 12
12 214 51
12 312 70
12 297 7
12 170 47
12 58 41
12 140 40
12 112 12
13 82 41
13 84 40
13 37 56
13 135 90
13 151 54
13 226 27
13 364 46
13 90 66
13 56 78
13 286 33
13 278 56
14 113 7
14 292 52
14 168 80
14 301 20
14 108 74
14 237 9
14 306 36
14 145 44
14 50 60
14 181 81
14 310 88
14 122 100
14 85 92
14 348 94
14 190 93
15 49 8
15 65 89
15 114 39
15 118 40
15 200 89
15 345 12
15 271 80
16 322 12
16 165 80
16 102 97
16 87 39
16 234 60
16 283 85
16 351 50
16 128 99
17 265 80
17 346 99
17 111 66
17 104 21
17 281 99
17 362 9
17 296 24
17 45 96
17 110 33
17 31 37
18 321 77
18 338 8
18 339 17
18 389 86
18 74 71
18 346 90
18 250 4
18 267 62
18 268 46
18 40 38
19 321 50
19 233 1
19 51 14
19 228 48
19 101 52
19 166 22
19 57 52
19 304 38
19 38 8
19 144 17
20 159 77
20 245 8
20 70 30
20 152 9
20 123 1
20 335 80
21 337 28
21 146 37
21 39 14
21 231 32
21 379 92
21 384 13
22 99 48
22 42 4
22 109 71
22 323 79
22 61 58
22 369 81
22 210 16
22 253 6
22 248 38
22 188 37
22 381 50
22 30 64
22 63 29
22 288 11
23 308 71
23 262 49
23 279 76
23 356 23
23 346 53
23 316 54
23 127 72
23 196 27
24 289 27
24 137 26
24 298 23
24 171 55
24 169 54
24 179 60
24 149 43
24 342 49
24 330 40
24 373 28
24 252 96
24 352 8
25 113 24
25 35 61
25 292 34
25 162 33
25 75 19
25 301 79
25 175 34
25 48 19
25 145 81
25 306 42
25 181 51
25 348 94
25 349 24
25 395 42
26 60 34
26 229 82
26 55 5
26 72 31
26 320 21
26 119 80
26 347 77
26 220 12
26 191 42
26 96 82
27 257 66
27 81 65
27 328 7
27 129 49
27 280 66
27 115 42
27 240 1
27 209 1
27 153 22
27 363 13
27 276 64
27 213 79
27 120 78
27 89 6
27 176 97
27 189 22
27 158 53
28 353 56
28 132 8
28 133 21
28 134 30
28 391 33
28 232 1
28 76 73
28 242 26
28 260 100
28 246 40
28 154 54
28 155 4
28 326 10
29 41 73
29 243 64
29 365 95
29 83 9
29 240 88
29 272 55
29 73 65
29 115 23
29 308 22
29 86 58
29 120 25
29 208 24
29 285 87
29 224 95
30 369 49
30 290 4
30 323 66
30 114 91
30 381 38
30 253 63
30 63 39
30 288 80
31 294 78
31 296 86
31 265 84
31 362 51
31 268 6
31 45 86
31 110 76
31 169 7
31 281 17
31 252 74
31 192 95
32 293 60
32 134 63
32 238 33
32 273 52
32 242 45
32 275 39
32 182 47
32 313 42
32 125 37
32 126 45
32 255 59
32 391 14
33 386 57
33 37 30
33 329 14
33 236 95
33 302 11
33 82 42
33 340 91
33 278 53
33 88 55
33 185 16
33 286 1
33 95 91
34 161 93
34 211 41
34 263 67
34 183 76
34 139 80
34 221 2
34 43 87
35 145 55
35 305 71
35 394 23
35 162 71
35 349 14
35 395 52
35 348 3
35 301 47
35 175 92
36 98 90
36 254 9
36 366 52
36 94 29
36 106 43
36 219 16
36 204 57
36 349 23
36 315 34
36 143 79
36 48 100
37 226 67
37 329 68
37 340 27
37 302 97
37 82 27
37 84 78
37 278 38
37 88 61
37 185 69
37 90 21
37 286 40
38 93 38
38 51 11
38 228 17
38 101 99
38 166 9
38 233 55
38 218 87
38 205 39
38 304 97
39 225 29
39 260 42
39 133 51
39 326 80
39 232 22
39 76 48
39 397 54
39 337 95
39 148 74
39 154 39
39 379 41
40 289 94
40 386 74
40 259 84
40 389 100
40 267 73
40 332 57
40 338 17
40 339 67
40 250 71
40 282 90
40 95 30
41 83 38
41 196 16
41 117 44
41 208 28
41 285 64
41 308 24
41 316 59
41 365 76
41 224 9
41 272 6
42 130 40
42 323 59
42 324 83
42 258 44
42 109 17
42 60 77
42 381 36
42 78 27
42 61 67
43 161 51
43 373 89
43 263 50
43 221 16
43 352 2
44 47 51
44 307 70
44 212 1
44 46 42
44 207 49
45 268 56
45 346 28
45 104 66
45 362 59
45 296 30
45 111 25
45 192 49
46 307 73
46 124 99
46 207 66
46 47 3
47 307 48
47 212 75
47 124 64
47 207 74
48 262 35
48 75 87
48 204 96
48 366 78
48 143 74
48 144 81
48 279 9
48 57 75
48 219 78
48 315 26
48 127 5
49 65 47
49 114 69
49 200 58
49 345 72
49 271 88
49 118 58
50 113 27
50 306 79
50 292 28
50 181 37
50 399 32
50 231 33
50 310 92
50 333 86
50 287 71
50 190 22
51 101 48
51 233 26
51 204 83
51 143 6
51 304 78
51 57 31
51 219 85
51 144 75
51 93 40
51 315 30
52 244 59
52 222 28
53 69 14
53 62 40
53 294 21
53 360 40
53 265 21
53 203 7
53 396 71
53 110 98
53 79 51
53 318 81
53 180 30
53 281 81
53 235 91
53 251 66
53 299 93
54 290 14
54 371 82
54 67 81
54 87 72
54 215 30
54 218 49
54 157 51
54 227 77
55 99 84
55 92 34
55 229 41
55 390 76
55 72 13
55 210 9
55 248 58
55 347 93
55 220 77
55 317 9
55 191 72
56 226 63
56 211 29
56 84 92
56 278 100
56 135 24
56 90 80
56 286 23
56 151 46
57 101 21
57 262 76
57 75 18
57 204 84
57 304 22
57 279 49
57 219 13
57 144 26
57 315 12
58 182 44
58 266 94
58 297 32
58 170 51
58 312 12
58 112 55
59 291 14
59 359 100
59 199 82
59 295 39
59 202 85
59 172 5
59 195 23
59 239 76
59 206 42
59 150 29
59 249 78
59 91 45
59 380 39
59 382 47
60 119 76
60 72 37
60 220 38
60 61 62
60 78 1
60 335 53
60 320 26
61 258 25
61 323 99
61 324 33
61 210 28
61 130 35
61 109 22
61 78 25
61 381 41
62 163 97
62 69 89
62 203 82
62 396 33
62 79 98
62 177 61
62 180 51
62 184 78
62 235 5
62 251 90
62 299 24
63 65 29
63 130 54
63 323 59
63 253 95
63 109 46
63 369 66
63 114 80
63 345 88
63 381 71
63 288 14
64 178 46
64 244 79
64 156 57
64 222 6
64 80 51
65 114 55
65 271 63
65 343 94
65 354 55
65 345 80
65 200 57
65 118 56
66 225 71
66 353 22
66 132 88
66 133 18
66 326 11
66 331 15
66 397 72
67 371 66
67 166 4
67 215 46
67 218 63
67 283 29
67 157 84
67 87 30
67 227 30
68 290 24
68 131 48
68 188 41
68 77 52
68 254 75
69 163 15
69 360 39
69 235 52
69 396 14
69 79 10
69 177 52
69 180 14
69 184 42
69 251 62
69 299 14
69 203 86
70 123 65
70 245 56
70 159 19
70 152 41
71 211 28
71 300 84
71 139 59
71 183 20
72 229 10
72 119 55
72 96 80
72 347 47
72 220 81
72 191 88
72 320 94
73 189 22
73 243 21
73 83 93
73 240 44
73 272 42
73 115 11
73 276 35
73 270 38
73 86 74
73 375 6
73 120 67
73 208 81
73 285 78
74 321 34
74 101 75
74 346 24
74 389 60
74 304 4
75 113 74
75 292 64
75 262 96
75 279 30
75 306 56
75 333 94
75 127 56
75 144 96
76 353 6
76 133 23
76 260 34
76 132 48
76 326 81
76 391 77
76 232 88
76 331 28
76 242 2
76 148 90
76 246 27
76 154 25
76 155 30
77 290 16
77 131 7
77 188 55
77 254 45
78 258 68
78 387 9
78 324 72
78 361 90
78 109 72
78 335 98
78 245 4
78 152 79
78 381 29
79 177 64
79 163 6
79 184 54
79 251 13
79 396 90
80 392 73
80 178 89
80 136 42
80 121 82
80 244 49
80 374 44
80 217 38
80 156 68
80 222 87
80 383 4
81 129 16
81 257 98
81 328 91
81 363 66
81 176 75
81 209 22
81 89 62
81 213 50
81 280 55
81 153 28
81 284 33
81 158 1
82 386 99
82 226 56
82 329 11
82 340 2
82 236 60
82 302 65
82 84 52
82 278 91
82 88 97
82 185 98
82 90 78
82 286 66
82 95 82
83 285 25
83 270 23
83 243 99
83 272 45
83 115 91
83 276 45
83 117 83
83 86 94
83 375 16
83 208 96
84 151 31
84 135 24
84 90 1
84 226 83
84 286 35
84 278 44
85 113 82
85 292 70
85 162 15
85 301 8
85 168 96
85 394 55
85 108 29
85 237 80
85 303 79
85 145 58
85 306 39
85 181 46
85 310 95
85 376 92
85 122 77
85 348 56
85 349 31
85 190 10
86 189 26
86 243 55
86 363 96
86 208 28
86 272 53
86 115 9
86 276 19
86 270 58
86 120 79
86 240 53
86 285 18
87 322 33
87 165 78
87 166 68
87 227 92
87 371 93
87 215 74
87 218 49
87 283 52
87 351 19
87 128 29
88 329 30
88 340 70
88 278 73
88 185 49
88 236 73
88 286 48
88 302 26
89 257 48
89 280 43
89 163 32
89 328 85
89 177 2
89 284 31
89 184 2
90 226 71
90 135 54
90 364 45
90 278 69
90 151 99
90 185 70
90 286 20
91 385 77
91 249 53
91 291 82
91 372 50
91 150 84
91 199 66
91 392 99
91 121 88
91 400 66
92 99 38
92 229 1
92 167 65
92 103 57
92 210 82
92 341 50
92 248 56
92 347 88
92 317 78
92 191 74
93 227 42
93 166 93
93 233 25
93 106 85
93 204 59
93 205 4
93 143 95
93 218 53
93 219 5
93 315 39
94 98 67
94 143 27
94 219 72
94 106 67
94 315 4
94 204 58
94 254 70
94 175 31
94 366 64
95 340 2
95 386 79
95 185 60
95 332 26
95 236 40
95 282 57
95 302 44
96 229 78
96 119 100
96 220 15
96 191 54
96 320 50
97 225 1
97 295 5
97 202 52
97 397 52
97 239 98
97 336 6
97 116 84
97 367 28
97 216 93
97 382 52
97 384 14
98 315 46
98 106 3
98 219 79
98 204 32
98 254 47
98 143 66
98 366 16
99 210 66
99 188 32
99 229 36
99 248 25
99 347 87
99 317 76
100 275 23
100 276 87
100 325 45
100 105 65
100 189 49
100 125 63
100 270 37
100 126 35
101 321 38
101 228 37
101 144 96
101 304 27
102 259 63
102 228 40
102 165 60
102 267 57
102 351 20
102 128 52
103 274 89
103 388 21
103 341 44
103 164 40
103 167 51
103 186 34
103 269 63
104 265 55
104 362 25
104 111 30
104 308 44
104 346 43
104 281 93
104 365 55
104 316 45
104 224 83
105 146 92
105 275 60
105 148 50
105 358 69
105 375 100
105 393 45
105 325 75
105 270 19
106 254 59
106 204 95
106 219 39
106 315 45
106 205 2
106 366 84
106 143 64
107 289 34
107 226 37
107 149 35
107 278 1
107 386 10
107 338 39
107 185 9
107 282 9
107 364 48
107 330 16
108 394 56
108 172 74
108 310 41
108 168 14
108 122 55
108 376 59
108 237 67
108 303 71
108 190 17
109 258 44
109 323 76
109 324 20
109 130 3
109 387 22
109 381 97
109 288 55
110 294 24
110 360 71
110 265 80
110 203 35
110 396 18
110 318 53
110 180 5
110 281 92
110 299 35
111 316 83
111 296 33
111 265 60
111 346 100
111 268 40
111 362 39
112 312 60
112 170 28
112 297 20
112 266 9
112 214 92
113 162 43
113 292 30
113 306 31
113 301 36
113 333 49
113 145 92
113 310 35
113 181 58
113 349 59
114 130 64
114 345 19
114 271 14
114 288 6
115 328 57
115 285 78
115 363 8
115 240 67
115 243 76
115 176 89
115 276 72
115 270 75
115 120 86
115 208 96
115 189 18
116 195 100
116 382 19
116 216 70
116 225 92
116 380 64
116 142 25
116 367 29
116 206 38
117 194 15
117 355 71
117 198 53
117 399 23
117 272 30
117 243 56
117 270 28
117 375 10
117 287 82
118 377 13
118 343 94
118 200 19
118 345 76
118 271 84
118 354 33
119 220 17
119 320 50
120 328 10
120 189 88
120 363 100
120 240 31
120 208 39
120 209 98
120 243 10
120 276 88
120 176 80
120 285 62
121 193 47
121 178 24
121 392 81
121 217 54
121 156 44
121 187 97
122 327 27
122 168 92
122 394 89
122 237 55
122 303 93
122 370 27
122 311 66
122 376 57
122 348 65
122 190 67
123 245 67
123 152 74
123 159 22
123 335 45
124 193 66
124 307 66
124 207 70
124 392 1
124 217 59
124 187 10
124 400 3
125 129 49
125 209 92
125 275 92
125 158 42
125 126 7
126 293 7
126 134 62
126 391 17
126 325 43
126 238 19
126 242 47
126 275 97
126 246 32
126 154 46
127 194 6
127 279 62
127 356 87
127 262 4
127 333 37
128 165 75
128 234 62
128 283 45
128 351 51
129 209 11
129 213 72
129 153 43
129 158 76
129 257 41
129 176 65
130 258 72
130 323 93
130 324 61
130 381 37
130 387 45
130 288 93
131 369 7
131 290 52
131 253 51
131 188 12
132 353 28
132 133 36
132 326 4
132 155 74
132 397 58
132 331 84
133 225 74
133 260 87
133 326 19
133 232 4
133 331 21
133 397 69
133 353 62
133 216 37
133 154 30
133 155 72
134 293 35
134 391 82
134 238 43
134 242 67
134 246 48
134 313 46
134 155 35
134 255 40
135 226 70
135 211 39
135 278 60
135 151 33
135 286 3
136 383 28
136 374 18
136 327 54
136 344 99
136 173 22
136 222 64
136 319 73
137 179 52
137 373 59
137 342 99
137 169 20
137 298 94
137 171 72
137 252 77
137 330 63
137 352 57
138 147 82
138 388 23
138 309 47
138 230 72
138 277 16
138 344 85
138 186 83
138 164 47
138 269 23
138 350 96
139 211 47
139 300 8
139 183 9
140 170 46
140 214 95
140 312 93
141 398 83
141 390 10
141 350 21
141 191 89
141 264 45
142 195 100
142 359 23
142 378 20
142 314 14
142 380 81
142 206 53
143 144 15
143 204 21
143 205 8
143 366 41
143 315 86
143 219 26
144 262 64
144 204 2
144 279 36
144 315 60
144 304 4
144 219 81
145 162 72
145 292 19
145 168 51
145 394 30
145 395 64
145 301 35
145 175 11
145 306 49
145 310 82
145 181 52
145 348 65
145 349 69
146 393 24
146 148 2
146 358 5
146 231 30
146 232 100
146 375 8
146 379 49
146 399 32
147 388 8
147 261 57
147 327 42
147 309 7
147 269 62
147 305 55
147 164 79
147 277 46
147 374 11
147 344 79
147 186 20
147 230 17
148 260 78
148 325 48
148 391 65
148 232 95
148 393 95
148 275 81
148 246 5
148 154 98
148 379 44
148 358 98
149 289 66
149 226 18
149 179 80
149 332 43
149 386 72
149 330 9
149 364 85
149 282 22
149 338 79
150 385 85
150 291 93
150 295 35
150 199 7
150 359 87
150 195 38
150 202 35
150 206 90
150 239 4
150 382 32
150 372 15
150 249 90
150 380 39
151 226 45
151 211 25
151 278 14
151 286 97
152 258 12
152 387 74
152 324 84
152 361 73
152 335 91
152 245 52
152 159 8
152 256 73
153 257 98
153 213 68
153 284 18
153 209 71
153 158 38
153 176 44
154 353 7
154 260 71
154 391 99
154 232 100
154 393 65
154 242 98
154 246 82
154 155 32
154 326 22
155 353 88
155 326 51
155 391 3
155 331 9
155 242 13
155 260 44
155 246 96
156 193 70
156 217 37
156 244 20
156 178 78
156 187 38
157 369 40
157 290 58
157 215 20
157 227 17
157 371 4
158 209 63
158 213 16
158 257 27
158 176 2
159 387 53
159 245 65
159 361 11
159 256 100
160 201 4
160 234 74
160 197 95
160 334 61
161 373 58
161 183 99
161 263 76
161 221 32
161 352 55
162 292 21
162 395 52
162 301 51
162 175 10
162 306 72
162 181 82
162 310 54
162 348 18
162 349 96
163 257 79
163 177 11
163 284 18
163 280 71
163 251 80
163 184 66
164 274 82
164 388 37
164 277 47
164 186 79
164 269 93
164 350 41
165 259 16
165 228 11
165 166 47
165 283 99
165 267 92
165 351 87
166 228 18
166 205 37
166 218 90
166 233 44
166 227 74
167 274 18
167 341 88
167 248 32
167 188 4
168 309 65
168 394 55
168 237 38
168 303 27
168 370 69
168 310 37
168 311 49
168 376 72
168 348 17
168 190 7
169 289 58
169 296 28
169 298 84
169 171 75
169 268 96
169 179 59
169 342 73
169 330 22
169 252 69
169 192 63
170 312 71
170 214 64
170 297 81
170 266 74
171 179 66
171 373 91
171 342 6
171 298 54
171 252 59
171 174 7
171 330 36
171 352 27
172 295 17
172 202 94
172 237 32
172 382 92
172 239 17
172 336 54
173 344 91
173 327 70
173 383 83
173 303 92
173 370 87
173 374 48
173 311 20
173 376 16
173 319 44
174 241 77
174 318 4
175 261 71
175 394 19
175 301 17
175 305 86
175 348 74
175 349 49
175 395 50
176 257 6
176 328 68
176 363 17
176 209 89
176 240 26
176 276 76
176 213 95
176 189 1
177 284 78
177 280 43
177 251 22
177 184 40
178 193 16
178 217 47
178 244 77
178 187 95
178 222 64
179 289 29
179 330 7
179 192 18
179 342 39
179 298 86
179 252 74
179 352 22
180 294 87
180 360 39
180 265 68
180 299 34
180 396 37
180 281 62
180 203 37
180 251 86
180 235 30
181 292 41
181 306 98
181 333 2
181 310 71
181 301 33
181 348 74
181 190 30
182 273 46
182 293 15
182 266 70
182 313 32
182 238 53
183 211 35
183 263 79
183 300 74
183 221 28
184 280 73
184 251 83
184 235 92
184 299 30
185 226 81
185 364 57
185 386 53
185 329 88
185 332 20
185 302 9
185 340 64
185 236 92
185 278 96
186 274 45
186 388 6
186 277 5
186 344 63
186 269 87
186 350 98
187 193 95
187 392 92
187 217 8
188 369 32
188 210 78
188 248 84
188 253 42
189 325 69
189 243 7
189 363 39
189 270 94
189 240 16
189 209 74
189 276 6
190 292 30
190 231 10
190 237 100
190 337 56
190 310 98
190 384 72
191 229 38
191 390 31
191 347 11
191 220 26
191 317 89
192 252 73
192 342 35
192 296 20
192 298 25
192 268 61
193 392 62
193 217 43
194 355 13
194 287 50
194 375 38
194 333 69
194 399 40
194 198 13
195 385 15
195 291 7
195 380 40
195 359 14
195 372 55
195 206 38
195 247 90
195 314 35
195 249 4
195 378 73
195 368 9
196 356 2
196 308 26
196 316 5
196 224 55
196 272 24
197 354 84
197 357 100
197 343 10
197 322 32
197 377 36
197 200 9
197 223 17
198 355 57
198 358 79
198 375 55
198 287 10
198 333 99
198 399 16
199 385 72
199 291 15
199 359 53
199 249 57
199 239 55
200 377 29
200 343 46
200 354 81
200 345 45
200 223 91
201 234 90
201 236 77
201 334 99
202 295 58
202 367 93
202 359 57
202 216 56
202 382 33
202 239 98
202 336 35
203 294 93
203 360 66
203 265 86
203 299 45
203 396 16
203 281 24
203 251 47
203 318 48
203 235 85
204 366 60
204 315 16
204 219 33
205 227 17
205 218 69
205 233 22
205 219 33
205 315 21
206 385 83
206 291 21
206 359 56
206 372 53
206 368 69
206 378 9
206 314 7
206 380 20
207 307 49
208 285 6
208 365 40
208 272 59
208 243 59
208 308 40
208 240 62
208 224 84
209 328 51
209 363 71
209 276 16
209 213 88
210 323 30
210 317 49
210 248 76
210 347 61
210 381 9
211 300 6
212 307 100
212 400 42
212 247 77
212 368 31
213 257 64
214 312 100
215 322 80
215 357 27
215 290 7
215 218 54
215 283 59
215 371 4
215 227 89
216 225 13
216 295 70
216 397 85
216 367 31
216 336 56
216 337 21
216 382 9
216 384 83
217 392 95
218 233 50
218 227 80
218 371 41
219 366 47
219 315 69
220 229 68
220 347 63
220 320 76
221 373 13
221 263 65
221 352 78
222 244 26
223 322 35
223 343 82
223 354 69
223 377 31
223 357 4
224 308 49
224 365 40
224 285 33
224 316 51
224 272 86
225 331 70
225 397 6
225 382 98
225 367 13
226 386 48
226 364 73
226 278 46
226 286 89
227 371 60
227 233 74
228 321 68
228 259 95
228 233 79
228 267 11
228 304 32
229 390 2
229 347 18
229 317 72
230 350 99
231 337 55
231 379 86
231 384 27
232 393 59
232 260 8
232 326 25
232 246 97
232 379 17
233 315 51
234 236 19
234 334 31
234 351 2
235 396 3
235 281 32
235 251 26
235 299 21
236 386 57
236 329 21
236 332 8
236 302 45
236 334 27
236 340 63
237 394 45
237 303 10
237 370 1
237 311 98
237 376 41
237 348 8
238 273 95
238 242 53
238 293 53
238 313 33
238 391 7
238 255 75
239 291 49
239 359 59
239 295 11
239 336 21
239 249 84
239 382 4
240 328 76
240 363 47
240 276 66
240 280 53
240 285 70
241 318 99
241 360 85
241 294 55
242 293 94
242 391 47
242 275 41
242 246 75
242 313 84
242 255 23
243 270 47
243 272 12
243 276 66
243 375 79
245 335 3
246 353 51
246 260 9
246 293 71
246 391 84
246 275 57
246 326 12
247 385 8
247 368 73
247 378 34
247 372 19
247 314 45
247 380 65
247 400 1
248 347 97
248 317 72
249 385 12
249 359 93
249 291 21
249 372 51
249 380 45
250 259 15
250 389 33
250 338 55
250 267 7
250 332 87
250 282 96
250 339 28
251 360 41
251 396 96
251 299 78
252 296 10
252 298 8
252 268 34
252 330 89
252 342 10
252 352 46
253 369 56
253 290 74
253 323 60
253 288 2
254 366 21
255 273 31
255 293 40
255 313 48
255 391 73
256 361 71
256 387 53
256 324 66
257 328 35
257 363 69
257 280 41
257 284 35
258 387 49
258 324 30
258 361 70
258 381 53
259 339 100
259 267 74
259 332 85
259 351 83
260 353 26
260 326 11
260 393 12
260 391 95
261 305 53
261 370 84
261 277 81
261 394 45
261 344 18
261 309 70
261 395 45
261 376 39
261 303 15
262 356 75
262 279 79
262 304 92
263 352 41
264 398 34
265 360 40
265 362 81
265 281 39
265 299 43
266 273 54
266 297 63
267 389 26
267 332 86
267 339 13
268 296 41
268 362 55
268 339 11
268 298 41
269 274 89
269 388 91
269 277 32
269 350 27
270 325 97
270 358 43
270 276 30
270 375 78
271 345 27
272 285 1
272 365 71
272 308 59
273 293 63
273 313 46
274 341 58
274 388 23
275 393 67
275 325 65
275 391 59
276 328 37
276 363 37
276 285 86
277 305 58
277 370 80
277 388 52
277 344 56
277 309 35
278 364 58
278 386 20
278 302 38
278 340 24
278 286 55
279 356 25
280 284 11
280 328 62
280 363 76
281 294 66
281 360 78
281 362 11
281 299 96
282 289 71
282 386 65
282 364 48
282 330 29
282 332 47
282 338 27
282 339 15
283 322 82
283 357 11
283 371 93
283 351 94
285 328 97
285 363 33
285 365 75
286 329 97
286 340 33
287 355 53
287 375 80
287 333 73
287 399 83
288 369 30
288 323 56
288 381 26
289 386 80
289 364 30
289 330 51
289 332 37
289 339 55
289 338 40
289 298 40
290 369 83
291 385 71
291 359 83
291 368 86
291 372 12
291 380 86
292 306 57
292 301 78
292 333 2
292 310 13
292 348 11
293 391 22
293 313 75
294 360 15
294 396 87
294 318 53
295 367 94
295 359 55
295 382 97
295 336 5
296 298 80
296 362 95
298 330 47
298 342 93
299 360 65
299 396 63
301 395 94
301 306 86
301 310 76
301 348 22
301 349 29
302 386 6
302 332 16
302 329 7
302 334 69
302 340 21
303 394 43
303 376 40
303 327 82
303 309 78
303 305 32
303 370 63
303 311 49
303 344 35
303 348 25
304 321 52
305 394 1
305 395 25
305 344 7
305 370 5
305 376 59
305 309 36
306 333 2
306 310 64
306 348 71
307 400 39
308 316 22
308 365 78
309 327 72
309 394 33
309 395 55
309 376 90
309 370 9
309 311 18
309 344 29
310 348 91
311 344 83
311 327 21
311 394 22
311 383 77
311 370 10
311 376 54
311 319 25
311 374 66
313 391 82
314 372 18
314 380 24
314 378 23
314 368 81
315 366 62
316 356 100
316 362 31
316 346 98
317 390 30
317 347 20
318 360 74
319 370 5
319 327 27
319 374 41
319 344 81
319 383 36
320 335 80
321 389 85
321 346 35
322 354 98
322 371 73
322 357 42
322 377 72
322 343 43
323 381 97
323 369 2
324 387 57
324 361 82
324 381 35
325 358 1
325 393 46
326 353 90
326 331 79
326 397 23
327 376 80
327 370 55
327 383 56
327 344 77
327 374 57
328 363 93
329 340 95
329 334 87
330 338 14
330 364 7
330 342 70
330 352 79
331 353 58
331 397 43
332 386 6
332 338 55
332 339 36
333 355 82
333 399 41
334 340 5
336 337 34
336 382 85
336 367 31
336 384 79
337 379 73
337 367 51
337 384 42
338 386 27
338 339 20
339 389 58
340 386 24
342 352 66
343 354 25
343 377 55
343 357 61
344 383 94
344 370 70
344 374 60
346 356 93
346 389 11
346 362 5
348 394 11
348 395 7
348 376 91
348 349 8
349 395 86
350 388 70
350 398 3
352 373 90
353 397 12
354 377 87
354 357 7
355 375 90
355 399 95
357 371 69
357 377 75
358 393 64
358 375 79
358 379 39
358 399 53
359 385 48
359 368 92
359 372 55
359 378 62
359 380 46
359 382 44
360 396 68
361 387 9
364 386 69
367 384 72
367 397 49
367 382 71
368 385 87
368 372 67
368 400 66
368 378 41
368 380 55
370 394 60
370 376 79
370 374 15
372 385 71
372 400 31
372 378 49
372 380 19
374 383 12
375 399 33
376 394 33
378 385 18
378 380 61
379 393 40
379 384 78
380 385 16
385 400 16
394 395 36
10
1
1
1 2
1 2 3 4
1 2 3 4 5 6 7
1 2 3 4 5 6 7 8 9 10 11 12 13
1 2 3 4 5 6 7 8 9 10 11 12 13 14 15 16 17 18 19 20 21 22 23 24 25
1 2 3 4 5 6 7 8 9 10 11 12 13 14 15 16 17 18 19 20 21 22 23 24 25 26 27 28 29 30 31 32 33 34 35 36 37 38 39 40 41 42 43 44 45 46 47 48 49 50
1 2 3 4 5 6 7 8 9 10 11 12 13 14 15 16 17 18 19 20 21 22 23 24 25 26 27 28 29 30 31 32 33 34 35 36 37 38 39 40 41 42 43 44 45 46 47 48 49 50 51 52 53 54 55 56 57 58 59 60 61 62 63 64 65 66 67 68 69 70 71 72 73 74 75 76 77 78 79 80 81 82 83 84 85 86 87 88 89 90 91 92 93 94 95 96 97 98 99 100
1 2 3 4 5 6 7 8 9 10 11 12 13 14 15 16 17 18 19 20 21 22 23 24 25 26 27 28 29 30 31 32 33 34 35 36 37 38 39 40 41 42 43 44 45 46 47 48 49 50 51 52 53 54 55 56 57 58 59 60 61 62 63 64 65 66 67 68 69 70 71 72 73 74 75 76 77 78 79 80 81 82 83 84 85 86 87 88 89 90 91 92 93 94 95 96 97 98 99 100 101 102 103 104 105 106 107 108 109 110 111 112 113 114 115 116 117 118 119 120 121 122 123 124 125 126 127 128 129 130 131 132 133 134 135 136 137 138 139 140 141 142 143 144 145 146 147 148 149 150 151 152 153 154 155 156 157 158 159 160 161 162 163 164 165 166 167 168 169 170 171 172 173 174 175 176 177 178 179 180 181 182 183 184 185 186 187 188 189 190 191 192 193 194 195 196 197 198 199 200
