1657
1 241 13
1 33 6
1 227 85
1 263 26
1 153 71
1 266 50
1 155 66
1 80 96
1 75 21
1 222 57
2 194 65
2 131 54
2 284 13
2 69 57
2 104 68
2 41 8
2 234 58
2 107 97
2 226 89
2 238 73
2 272 9
2 145 7
2 211 85
2 183 48
2 248 47
2 121 90
2 156 50
3 257 13
3 163 72
3 295 36
3 8 47
3 9 82
3 76 49
3 173 84
3 79 69
3 233 19
3 51 91
3 154 12
3 254 1
3 31 12
3 256 32
4 133 55
4 292 75
4 165 10
4 215 65
4 105 86
4 298 5
4 15 57
4 111 50
4 242 98
4 20 31
4 53 19
4 118 60
4 87 25
4 74 14
4 282 87
4 157 34
4 190 12
4 287 58
5 73 55
5 265 47
5 139 57
5 220 73
5 267 13
6 225 41
6 35 89
6 292 59
6 165 84
6 298 86
6 157 23
6 299 71
6 268 58
6 77 43
6 287 57
6 144 65
7 161 88
7 81 97
7 96 60
7 166 99
7 214 86
8 76 13
8 295 45
8 40 17
8 9 81
8 108 2
8 163 1
8 270 38
8 273 14
8 31 90
8 154 68
8 128 84
8 93 39
8 191 98
8 256 68
9 76 54
9 163 100
9 295 90
9 40 11
9 169 4
9 237 63
9 173 28
9 270 94
9 79 10
9 17 26
9 51 26
9 154 60
9 254 3
9 31 88
9 256 91
10 132 98
10 293 87
10 199 2
10 269 54
10 209 49
10 146 1
10 83 26
10 68 2
10 182 77
10 101 93
10 253 72
10 126 34
11 129 23
11 289 82
11 294 48
11 258 21
11 172 85
11 141 94
11 57 91
11 277 22
11 218 86
11 185 42
11 181 69
11 124 76
11 255 23
12 177 46
12 226 55
12 88 94
12 284 38
12 90 94
13 97 54
13 290 78
13 259 25
13 260 50
13 198 28
13 89 14
13 171 48
14 243 76
14 102 50
14 147 20
14 217 65
14 103 15
14 195 2
14 128 99
15 35 78
15 165 12
15 105 81
15 74 82
15 111 92
15 292 85
15 117 27
15 215 90
15 298 31
15 282 78
15 157 1
15 287 13
16 210 58
16 44 55
16 293 38
16 143 17
16 60 84
17 200 1
17 201 78
17 76 20
17 237 22
17 270 30
17 239 14
17 46 14
17 160 42
17 154 56
17 251 44
17 169 68
17 30 53
17 256 88
18 179 66
18 276 90
18 21 8
18 117 56
18 27 56
18 123 39
18 112 15
19 193 20
19 34 13
19 230 72
19 231 66
19 161 23
19 96 29
19 204 91
19 109 65
19 94 32
19 166 91
20 242 78
20 133 27
20 118 50
20 87 51
20 73 79
20 74 39
20 157 20
20 190 92
20 53 10
21 193 33
21 179 63
21 276 8
21 151 86
21 231 39
21 216 98
21 59 46
21 52 59
21 94 40
21 134 39
22 150 87
22 261 88
22 180 56
22 167 17
22 39 48
22 297 45
22 138 33
22 47 12
22 148 6
22 246 69
22 55 19
22 91 37
22 192 15
22 95 6
22 288 72
23 162 4
23 67 50
23 164 52
23 264 37
23 61 33
23 235 61
23 56 77
23 125 22
24 49 47
24 66 77
24 67 87
24 244 54
24 38 42
24 162 96
24 125 35
24 61 43
25 259 20
25 260 87
25 198 78
25 103 23
25 136 97
25 201 93
25 189 8
25 270 54
25 239 78
25 169 91
25 147 92
25 251 6
25 92 75
25 93 85
25 223 37
25 160 48
26 113 18
26 84 89
26 85 97
26 119 35
26 72 81
26 149 100
26 283 81
27 82 28
27 117 71
27 54 29
27 122 11
27 123 26
27 111 38
28 145 48
28 294 17
28 57 2
28 62 3
28 159 91
28 70 92
29 75 83
29 158 11
29 155 11
30 200 38
30 237 80
30 285 60
30 46 17
30 160 77
31 257 95
31 163 41
31 295 37
31 43 16
31 108 15
31 173 11
31 79 94
31 233 80
31 51 36
31 207 4
31 154 94
31 254 76
32 130 76
32 291 56
32 213 17
32 140 71
32 240 60
32 174 35
32 78 92
32 50 44
32 245 75
32 278 67
32 279 25
32 250 98
32 187 66
32 224 99
32 288 89
33 130 19
33 263 75
33 266 18
33 75 44
33 78 22
33 271 37
33 222 58
33 241 66
33 213 20
33 153 39
33 80 25
33 158 32
33 224 61
34 161 67
34 230 94
34 231 91
34 105 58
34 204 51
34 109 11
34 94 96
35 225 32
35 228 51
35 165 59
35 298 83
35 299 46
35 268 68
35 77 65
35 144 22
35 292 56
35 111 98
35 215 85
35 157 14
35 287 49
36 129 16
36 69 40
36 294 88
36 104 64
36 41 100
36 142 8
36 145 23
36 185 46
36 181 23
36 183 42
36 57 74
36 124 95
36 221 25
36 62 9
36 159 88
36 70 41
37 178 57
37 211 94
37 69 83
37 114 14
37 258 88
37 226 9
37 284 42
37 221 81
37 142 85
38 49 27
38 66 31
38 67 37
38 212 86
38 197 65
38 135 33
38 244 26
38 58 34
38 152 59
38 127 16
39 98 22
39 275 77
39 148 29
39 261 46
39 246 71
39 55 21
39 297 52
39 47 24
39 192 13
40 195 46
40 108 59
40 163 86
40 102 4
40 103 1
40 76 32
40 270 42
40 273 49
40 136 12
40 154 21
40 128 33
40 93 11
40 191 14
40 256 13
41 69 4
41 70 63
41 104 89
41 206 27
41 272 17
41 145 37
41 121 77
41 183 65
41 185 51
41 221 60
41 62 48
41 159 11
42 168 14
42 229 23
42 232 33
42 170 85
42 252 100
42 176 13
42 64 67
43 257 7
43 207 65
43 163 51
43 295 13
43 233 11
43 154 17
43 108 27
43 254 89
43 79 49
44 210 35
44 68 36
44 60 85
44 143 79
45 122 22
45 219 14
45 296 54
45 164 88
45 106 95
46 131 45
46 238 93
46 200 47
46 237 50
46 156 26
46 285 83
46 239 43
46 160 30
47 261 38
47 297 55
47 138 53
47 192 94
47 275 91
47 148 54
47 150 72
47 55 15
47 288 3
47 246 74
48 99 95
48 134 36
48 71 37
48 300 64
48 175 22
48 63 32
48 151 15
48 281 39
48 186 21
48 59 8
48 188 92
48 95 6
48 150 95
49 66 79
49 67 78
49 244 52
49 135 8
49 152 14
49 125 37
49 61 38
49 162 83
50 130 20
50 291 44
50 140 26
50 174 91
50 240 60
50 213 22
50 278 54
50 279 97
50 245 99
50 187 82
50 288 59
51 257 8
51 233 61
51 163 29
51 295 11
51 154 92
51 173 9
51 254 94
51 79 51
52 193 13
52 99 99
52 134 35
52 151 24
52 216 91
52 281 85
52 59 19
52 94 68
52 175 65
52 208 35
53 242 19
53 133 98
53 118 28
53 87 49
53 73 5
53 74 57
53 190 47
53 105 9
54 225 23
54 82 11
54 228 93
54 86 46
54 219 98
54 122 35
54 299 40
54 268 86
54 144 97
55 98 51
55 261 14
55 205 42
55 275 67
55 148 64
55 150 28
55 192 44
55 95 14
55 246 43
56 162 93
56 164 59
56 264 100
56 61 36
56 235 58
56 125 45
57 129 88
57 181 62
57 294 100
57 185 20
57 124 83
57 221 56
57 62 63
57 70 37
58 65 2
58 274 61
58 212 17
58 197 52
58 71 42
58 135 26
58 152 22
58 205 54
58 127 8
58 63 35
59 99 96
59 134 67
59 276 54
59 300 28
59 175 39
59 151 69
59 216 46
59 281 25
59 188 57
60 83 37
60 68 55
60 182 33
60 214 94
60 143 75
61 162 12
61 67 41
61 164 16
61 264 86
61 244 59
61 125 34
62 69 50
62 294 56
62 104 84
62 145 68
62 181 72
62 183 63
62 185 9
62 221 16
62 159 100
62 70 56
63 197 52
63 71 21
63 300 81
63 205 21
63 112 95
63 274 65
63 127 32
63 186 45
63 188 50
63 95 23
64 229 45
64 247 53
64 232 45
64 252 57
64 168 91
64 170 16
64 176 16
65 274 11
65 275 26
65 212 85
65 197 64
65 135 86
65 98 40
65 205 48
65 127 80
66 67 94
66 244 8
66 135 96
66 152 21
66 127 96
66 212 68
67 162 70
67 244 54
67 152 35
67 264 4
67 125 22
68 132 42
68 101 92
68 199 8
68 269 19
68 81 21
68 83 84
68 182 19
68 293 91
68 253 3
68 126 61
68 214 99
69 104 85
69 234 23
69 142 21
69 272 88
69 145 45
69 211 67
69 183 78
69 248 84
69 121 97
69 284 88
69 221 90
69 159 35
70 294 19
70 104 24
70 145 45
70 185 78
70 181 5
70 183 51
70 221 65
70 159 4
71 99 87
71 197 44
71 300 95
71 205 100
71 274 80
71 275 21
71 95 26
71 186 47
71 188 78
72 113 61
72 84 41
72 85 55
72 119 52
72 196 9
72 202 57
72 283 50
72 286 68
72 206 28
73 267 17
73 118 23
73 87 58
73 265 7
73 139 99
73 190 61
74 292 65
74 165 50
74 87 49
74 105 76
74 298 48
74 111 63
74 242 84
74 118 84
74 215 79
74 282 86
74 157 54
74 190 39
74 287 92
75 263 89
75 130 17
75 140 1
75 78 56
75 271 59
75 158 97
75 241 72
75 213 40
75 153 16
75 245 80
75 187 90
75 80 96
75 222 7
75 224 65
76 163 5
76 295 47
76 169 46
76 200 87
76 237 92
76 270 20
76 154 3
76 251 31
76 256 75
76 191 30
76 160 47
77 225 78
77 292 28
77 165 46
77 298 3
77 299 41
77 268 54
77 111 34
77 144 12
77 228 20
77 215 38
77 157 82
77 287 10
78 130 73
78 245 85
78 263 75
78 140 27
78 224 16
78 240 60
78 241 95
78 222 12
78 213 12
78 271 95
78 279 71
78 153 92
78 250 79
78 187 62
78 80 13
78 158 21
79 257 60
79 295 77
79 233 62
79 108 26
79 173 17
79 163 78
79 154 95
79 254 56
80 263 99
80 130 32
80 140 38
80 271 24
80 158 75
80 241 94
80 213 13
80 279 64
80 153 90
80 245 12
80 187 60
80 222 2
80 224 98
81 83 15
81 214 98
81 184 42
81 166 23
82 123 44
82 228 4
82 117 93
82 86 17
82 122 59
82 219 98
82 299 30
82 144 42
83 101 9
83 199 37
83 269 55
83 132 67
83 214 96
83 293 62
83 253 49
83 126 5
83 182 21
84 113 46
84 196 67
84 85 77
84 119 30
84 202 58
84 283 69
84 286 91
85 113 53
85 206 68
85 119 57
85 202 11
85 283 39
85 286 17
85 196 27
86 225 62
86 228 44
86 296 22
86 122 15
86 219 41
86 268 73
86 299 66
86 144 96
87 242 18
87 118 13
87 133 30
87 190 84
88 177 18
88 184 53
89 97 91
89 290 11
89 280 25
89 281 39
89 208 96
90 226 34
90 131 41
90 284 29
90 201 70
90 234 21
90 107 14
90 238 1
90 239 37
90 211 46
90 248 59
90 92 13
91 246 41
91 291 34
91 148 99
91 150 17
91 167 42
91 297 79
91 138 68
91 180 41
91 288 21
92 131 42
92 198 38
92 136 60
92 201 72
92 107 28
92 200 77
92 270 32
92 239 9
92 238 66
92 169 21
92 251 99
92 189 37
92 160 16
93 198 5
93 103 10
93 136 59
93 270 42
93 273 55
93 147 52
93 223 90
93 128 61
93 251 6
93 256 39
93 191 21
93 102 96
94 161 84
94 231 66
94 216 73
94 204 10
94 109 49
94 193 84
95 261 6
95 138 77
95 300 45
95 205 37
95 274 53
95 275 33
95 148 28
95 150 74
95 186 79
95 188 100
95 192 98
96 161 42
96 242 84
96 166 90
96 214 34
96 204 34
96 230 74
97 290 99
97 147 31
97 260 80
97 198 26
97 189 49
97 171 71
97 259 16
97 223 29
98 275 36
98 261 69
98 205 37
99 134 90
99 300 5
99 175 87
99 208 88
99 276 34
99 151 74
99 216 3
99 281 78
99 186 21
99 188 92
100 289 34
100 258 93
100 114 28
100 137 16
100 129 79
100 172 9
100 141 37
100 146 74
100 115 65
100 277 83
100 218 78
100 124 52
100 255 49
101 132 60
101 293 63
101 199 13
101 203 70
101 269 9
101 110 46
101 209 48
101 182 30
101 120 62
102 195 61
102 103 81
102 236 62
102 147 88
102 273 79
102 243 42
102 223 50
102 136 37
102 191 73
102 128 6
103 259 67
103 189 56
103 136 94
103 270 54
103 273 17
103 147 26
103 191 13
103 198 76
103 251 81
103 256 84
103 223 73
103 128 13
104 142 76
104 272 75
104 145 45
104 185 64
104 211 99
104 183 66
104 121 99
104 221 91
104 159 81
105 230 13
105 111 38
105 242 12
105 118 2
105 215 23
105 298 54
105 282 12
106 219 23
106 164 44
106 296 77
107 226 51
107 131 58
107 234 96
107 238 77
107 239 27
107 272 55
107 211 10
107 248 32
107 284 96
108 257 62
108 207 56
108 163 89
108 191 56
108 154 96
109 193 50
109 230 22
109 231 83
109 216 33
109 161 37
109 204 28
110 209 28
110 293 87
110 203 48
110 120 32
111 165 56
111 292 21
111 117 85
111 215 71
111 298 62
111 282 99
111 287 42
112 276 35
112 123 77
112 188 58
113 196 43
113 119 66
113 283 44
113 286 44
114 129 20
114 258 30
114 172 51
114 142 32
114 146 25
114 115 100
114 277 76
114 218 22
114 124 22
114 221 95
114 255 98
115 209 100
115 258 32
115 277 76
115 199 99
115 146 35
115 218 34
115 253 39
115 126 87
116 267 32
116 220 43
117 287 18
117 215 46
117 298 62
117 282 63
118 242 60
118 190 59
119 196 91
119 202 34
119 283 52
119 286 78
119 206 99
120 209 84
120 293 7
120 137 94
120 203 28
121 194 54
121 131 78
121 234 4
121 206 26
121 272 36
121 145 68
121 211 42
121 238 3
121 183 99
121 248 82
121 156 97
121 286 43
121 159 92
122 123 33
122 219 7
124 289 44
124 129 8
124 294 39
124 277 19
124 258 95
124 172 7
124 141 31
124 181 91
124 185 95
124 218 11
124 221 45
124 255 54
125 264 56
125 164 46
125 244 57
125 162 70
125 235 42
126 177 99
126 146 79
126 132 90
126 253 28
126 199 9
126 269 51
126 182 2
127 212 5
127 197 58
127 135 91
127 152 75
127 205 8
127 274 15
128 195 26
128 136 25
128 273 96
128 147 77
128 223 14
128 191 7
128 256 48
129 289 16
129 258 50
129 294 71
129 185 64
129 172 81
129 141 43
129 181 36
129 218 73
129 277 35
129 221 28
129 255 100
130 291 9
130 213 62
130 140 42
130 271 88
130 240 39
130 241 3
130 245 59
130 279 79
130 153 17
130 250 12
130 187 75
130 288 6
130 222 48
130 224 34
131 200 37
131 201 17
131 234 11
131 226 17
131 238 72
131 239 5
131 272 99
131 211 25
131 194 98
131 248 30
131 156 11
131 285 55
131 160 27
132 293 24
132 199 3
132 269 31
132 209 82
132 210 62
132 182 31
132 253 60
133 249 17
133 165 53
133 157 41
133 190 34
134 276 52
134 300 6
134 175 91
134 151 31
134 216 92
134 186 7
134 188 95
135 274 55
135 212 69
135 197 57
135 152 31
135 244 4
136 259 1
136 198 19
136 201 51
136 189 97
136 270 33
136 273 77
136 169 44
136 147 76
136 223 54
136 251 60
136 191 58
136 256 96
137 289 1
137 209 20
137 277 63
137 218 60
137 203 55
137 172 100
137 141 10
137 255 89
138 150 49
138 148 76
138 167 61
138 297 36
138 180 99
138 246 18
138 261 5
138 192 38
139 265 23
139 267 44
139 220 1
140 279 77
140 271 51
140 241 49
140 213 78
140 278 15
140 174 34
140 245 86
140 187 16
140 240 25
140 158 90
140 224 15
141 289 79
141 172 64
141 181 51
141 218 35
141 255 47
141 277 97
142 258 44
142 211 41
142 183 3
142 284 100
142 221 67
142 178 57
143 214 90
144 225 77
144 228 88
144 292 89
144 299 62
144 268 25
145 206 89
145 272 40
145 183 52
145 185 99
145 221 82
145 159 87
146 177 18
146 178 13
146 269 79
146 258 9
146 253 52
147 260 93
147 198 68
147 189 26
147 259 85
147 223 10
148 150 35
148 261 40
148 167 87
148 297 48
148 275 75
148 246 30
148 186 27
148 192 33
149 262 5
150 261 45
150 167 51
150 297 60
150 186 91
150 192 95
150 246 45
151 276 40
151 300 54
151 175 11
151 216 80
151 281 65
151 186 2
151 188 5
152 244 96
152 197 2
153 263 4
153 266 55
153 271 54
153 241 86
153 279 68
153 250 36
153 222 84
153 224 75
154 257 55
154 295 63
154 173 41
154 163 57
154 270 25
154 191 14
154 254 53
154 256 80
155 227 18
155 222 3
155 263 4
156 200 63
156 234 13
156 194 2
156 238 32
156 239 31
156 248 41
156 202 8
156 272 31
156 285 34
157 292 90
157 215 75
157 298 17
157 249 26
157 165 58
157 190 96
157 287 85
158 222 17
158 245 43
158 187 67
158 213 37
158 224 11
159 183 82
159 206 15
160 200 85
160 169 88
160 237 53
160 239 40
160 270 38
160 201 57
160 251 83
160 285 6
161 193 28
161 166 14
161 204 61
161 231 98
161 230 71
162 164 73
162 244 31
162 264 2
163 257 63
163 295 96
163 173 7
163 273 44
163 191 26
163 254 90
163 256 16
164 235 79
164 264 92
165 225 43
165 292 75
165 215 36
165 298 8
165 287 86
166 204 62
166 230 34
166 214 99
167 180 9
167 280 35
167 217 26
167 208 86
168 210 70
168 252 90
168 232 39
169 201 92
169 237 36
169 270 53
169 239 34
169 251 98
169 256 25
169 200 23
170 252 36
170 229 99
170 232 72
170 176 98
171 193 13
171 290 1
172 289 35
172 258 30
172 181 63
172 218 62
172 277 13
172 255 90
173 257 25
173 295 14
173 233 76
173 254 62
174 288 74
174 291 4
174 213 13
174 278 30
174 245 84
174 187 41
174 240 5
175 276 93
175 300 78
175 208 84
175 216 3
175 281 64
175 186 21
175 188 26
176 229 61
176 247 78
176 232 33
177 184 43
177 178 24
178 226 83
178 284 71
179 276 2
179 231 65
180 217 93
180 243 73
180 297 51
180 288 26
180 291 26
180 246 64
181 185 28
181 221 88
181 255 30
181 294 93
182 199 33
182 269 10
182 209 12
182 293 86
182 253 2
183 272 60
183 211 96
183 185 98
183 221 95
185 221 5
185 294 44
186 300 91
186 274 70
186 275 10
186 188 30
187 224 63
187 213 76
187 278 40
187 245 34
187 240 11
188 300 12
188 276 87
189 259 1
189 260 70
189 198 8
189 201 60
189 251 94
189 223 59
190 249 17
190 242 38
191 195 82
191 270 21
191 273 71
191 256 90
192 261 37
192 297 89
192 275 83
192 246 72
193 231 60
193 216 85
193 204 7
194 234 52
194 238 61
194 272 89
194 206 59
194 248 11
194 202 77
194 285 17
194 286 33
195 273 89
195 243 88
195 236 82
196 202 76
196 283 87
196 286 80
196 206 66
197 274 48
197 212 34
197 205 23
198 259 68
198 260 84
198 251 14
198 223 98
199 293 8
199 203 55
199 269 12
199 209 86
199 253 8
200 237 91
200 238 80
200 239 17
200 201 41
200 270 8
200 251 81
200 285 91
201 237 33
201 270 90
201 239 31
201 238 33
201 251 95
202 283 73
202 286 89
202 206 66
203 209 58
203 293 34
204 230 75
204 231 95
205 261 11
205 274 42
205 275 5
206 272 7
206 283 76
206 286 75
207 257 52
207 266 11
208 281 1
208 280 83
209 269 85
209 293 71
209 253 88
210 293 25
210 252 68
211 226 24
211 234 71
211 272 32
211 238 55
211 248 15
211 284 62
213 278 95
213 279 96
213 224 67
213 241 12
213 245 86
213 271 7
213 240 81
213 222 95
215 292 48
215 298 51
215 282 60
215 287 52
216 231 55
216 281 74
217 243 26
217 280 100
218 258 81
218 289 55
218 277 80
218 255 80
219 296 85
220 265 84
220 267 79
221 258 65
222 227 19
222 263 15
222 266 73
222 271 36
222 241 33
222 224 80
223 259 84
223 260 2
223 251 66
224 291 31
224 263 54
224 271 87
224 241 73
224 245 75
224 279 8
224 250 17
225 292 2
225 298 88
225 299 42
225 268 41
225 228 33
225 287 85
226 248 95
226 234 41
226 284 14
227 263 22
228 299 11
228 268 23
229 247 95
229 232 24
230 242 5
230 231 73
230 282 67
232 252 19
232 247 80
233 257 78
233 295 26
233 254 16
234 238 75
234 239 22
234 272 12
234 248 55
234 284 94
234 285 64
235 264 32
236 250 52
236 243 73
237 270 4
237 239 10
237 285 85
238 239 93
238 272 23
238 248 8
238 285 46
239 270 48
239 251 49
239 285 29
240 278 60
240 245 70
241 263 95
241 266 76
241 271 90
241 279 39
241 250 46
243 250 4
245 291 56
245 288 83
245 278 17
245 279 32
246 291 28
246 261 77
246 297 49
246 288 63
248 272 91
248 284 62
248 285 93
250 291 8
250 271 21
250 288 4
250 279 45
251 270 11
251 256 77
253 269 83
254 257 91
254 295 51
255 258 82
255 289 21
255 277 8
256 270 4
256 273 44
257 295 91
258 277 13
259 260 92
261 297 79
261 275 62
263 266 92
263 271 29
265 267 98
266 271 47
268 292 99
268 299 15
269 293 59
271 279 5
272 284 40
274 300 81
274 275 31
277 289 100
279 291 23
279 288 17
280 281 81
282 287 69
282 298 80
283 286 47
287 298 94
287 292 45
288 291 97
288 297 66
291 297 73
292 298 41
292 299 25
10
1
1
1 2
1 2 3
1 2 3 4 5
1 2 3 4 5 6 7 8 9 10
1 2 3 4 5 6 7 8 9 10 11 12 13 14 15 16 17 18 19
1 2 3 4 5 6 7 8 9 10 11 12 13 14 15 16 17 18 19 20 21 22 23 24 25 26 27 28 29 30 31 32 33 34 35 36 37 38
1 2 3 4 5 6 7 8 9 10 11 12 13 14 15 16 17 18 19 20 21 22 23 24 25 26 27 28 29 30 31 32 33 34 35 36 37 38 39 40 41 42 43 44 45 46 47 48 49 50 51 52 53 54 55 56 57 58 59 60 61 62 63 64 65 66 67 68 69 70 71 72 73 74 75
1 2 3 4 5 6 7 8 9 10 11 12 13 14 15 16 17 18 19 20 21 22 23 24 25 26 27 28 29 30 31 32 33 34 35 36 37 38 39 40 41 42 43 44 45 46 47 48 49 50 51 52 53 54 55 56 57 58 59 60 61 62 63 64 65 66 67 68 69 70 71 72 73 74 75 76 77 78 79 80 81 82 83 84 85 86 87 88 89 90 91 92 93 94 95 96 97 98 99 100 101 102 103 104 105 106 107 108 109 110 111 112 113 114 115 116 117 118 119 120 121 122 123 124 125 126 127 128 129 130 131 132 133 134 135 136 137 138 139 140 141 142 143 144 145 146 147 148 149 150
