1867
1 145 44
1 66 10
1 275 7
1 293 45
1 326 6
1 247 29
1 210 45
2 166 47
2 201 73
2 350 36
2 146 21
2 83 97
2 343 73
2 24 86
2 25 4
2 252 34
2 318 78
2 265 88
2 102 59
3 129 52
3 150 21
3 63 99
3 204 39
3 125 42
3 254 66
3 207 23
3 142 36
4 323 50
4 310 34
4 279 32
4 163 10
4 329 72
4 333 24
4 188 78
4 253 43
4 94 4
4 303 57
4 238 63
5 226 44
5 230 99
5 199 47
5 8 17
5 267 99
5 271 68
5 114 67
5 20 81
5 218 96
5 256 99
5 299 58
5 192 42
6 116 39
6 325 29
6 244 15
6 313 24
6 309 30
6 221 17
6 110 39
7 344 63
7 132 68
7 69 86
7 136 43
7 235 78
7 88 62
7 307 60
7 15 99
7 304 95
7 338 72
7 147 3
7 56 51
7 58 91
7 197 60
7 91 89
7 104 7
7 314 99
7 319 90
8 199 93
8 72 30
8 10 50
8 128 48
8 271 90
8 54 3
8 119 48
8 184 24
8 218 49
8 256 61
8 31 77
8 192 25
9 81 90
9 264 59
9 73 88
9 76 47
9 239 33
9 80 29
9 177 51
9 115 56
9 21 73
9 251 43
9 126 39
9 223 30
9 224 2
10 31 60
10 119 80
10 128 57
10 72 46
10 184 55
10 30 57
10 111 94
10 54 41
11 290 93
11 330 6
11 74 58
11 331 43
11 284 79
11 95 32
11 48 43
12 142 66
12 35 21
12 51 10
12 36 2
12 311 100
12 103 8
12 125 75
12 43 25
12 196 47
12 254 92
12 262 50
13 67 42
13 69 77
13 198 44
13 215 36
13 88 14
13 170 93
13 316 3
13 47 31
14 306 13
14 259 80
14 84 12
14 228 50
14 168 24
14 249 40
14 90 97
14 340 6
14 268 55
15 338 65
15 307 27
15 197 88
15 55 23
15 58 25
15 344 99
15 122 88
15 104 68
15 172 92
15 319 95
16 97 2
16 322 16
16 227 66
16 141 5
16 108 36
16 191 29
16 291 35
16 240 19
16 82 22
16 181 90
16 118 67
16 62 12
16 287 80
16 278 58
17 194 41
17 99 30
17 261 42
17 328 95
17 234 2
17 236 40
17 269 63
17 29 62
17 208 42
17 213 18
17 285 12
17 153 68
17 317 79
17 168 39
17 200 8
18 258 7
18 68 76
18 245 2
18 135 62
18 169 97
18 105 84
18 260 77
18 156 24
18 79 6
19 339 12
19 100 39
19 101 15
19 180 63
19 212 82
19 216 76
19 106 33
19 63 22
20 323 29
20 230 48
20 199 100
20 167 92
20 299 75
20 271 38
20 114 17
20 310 3
20 218 92
20 192 34
20 267 21
20 256 9
21 115 96
21 223 65
21 73 12
21 154 47
21 126 25
21 239 80
21 80 23
22 161 100
22 53 74
22 182 22
22 280 28
22 185 35
22 320 52
22 32 44
23 259 91
23 180 72
23 101 52
23 263 87
23 90 29
23 341 3
24 25 46
24 83 72
24 146 49
24 102 52
24 343 46
24 265 59
24 202 29
24 318 56
24 255 8
25 255 86
25 111 17
25 83 59
25 102 40
25 343 37
25 265 75
25 146 7
25 30 67
25 31 73
26 132 23
26 70 21
26 71 33
26 203 47
26 113 15
26 274 93
26 275 17
26 85 48
26 159 3
26 282 8
26 345 35
26 186 77
26 158 1
26 281 93
27 321 84
27 162 11
27 220 65
27 165 21
27 327 2
27 243 94
27 86 48
27 120 31
27 348 55
27 286 66
27 127 92
27 246 87
28 33 72
28 99 50
28 342 43
28 317 9
28 328 20
28 29 50
28 236 95
28 285 69
28 38 1
29 33 67
29 194 25
29 99 70
29 328 80
29 285 23
29 236 11
29 269 88
29 208 10
29 342 93
29 234 55
29 317 92
30 83 91
30 31 44
30 343 90
30 265 73
30 111 62
31 343 89
31 72 22
31 265 44
31 111 2
31 54 36
31 119 68
31 184 95
31 128 95
32 273 61
32 320 5
32 182 45
32 40 7
32 189 58
32 152 14
32 45 41
32 46 59
33 99 29
33 317 30
33 38 34
33 328 71
33 285 17
33 236 46
33 342 45
34 147 25
34 60 4
34 341 54
34 87 93
34 232 76
34 292 15
34 259 15
34 268 38
34 67 83
34 272 11
35 257 12
35 51 57
35 103 61
35 311 18
35 39 23
35 43 35
35 125 17
35 142 2
35 207 90
36 273 44
36 196 65
36 118 48
36 311 78
36 216 30
36 40 89
36 43 93
36 262 59
37 163 78
37 74 15
37 44 54
37 270 93
37 211 77
37 148 60
37 183 94
37 266 46
37 347 42
37 124 73
37 349 97
37 94 91
37 95 12
37 288 2
38 99 47
38 236 58
38 342 1
39 257 14
39 51 98
39 311 23
39 298 51
39 219 95
39 125 65
39 171 72
39 207 53
40 262 47
40 152 56
40 45 76
40 46 17
40 273 71
40 196 44
40 118 48
40 216 100
40 320 56
40 189 36
40 182 63
41 289 95
41 52 68
41 229 51
41 276 35
41 266 93
41 237 10
41 270 61
41 308 64
41 176 14
41 211 13
41 148 98
41 149 97
41 183 4
41 283 22
41 347 43
41 288 22
42 195 2
42 332 99
42 166 5
42 201 75
42 318 99
42 252 54
42 350 84
42 96 77
43 311 99
43 51 97
43 196 28
43 262 65
43 103 21
43 142 15
44 97 15
44 322 87
44 163 44
44 294 96
44 300 85
44 227 90
44 62 47
44 241 98
44 181 3
44 183 12
44 291 57
44 124 24
44 349 39
44 94 83
45 273 17
45 118 40
45 182 77
45 141 53
45 152 2
45 189 17
45 46 90
45 191 45
46 273 70
46 189 48
46 164 51
46 118 35
46 182 94
46 141 64
46 152 98
46 191 67
47 67 83
47 69 95
47 198 74
47 136 97
47 170 78
47 235 1
47 335 52
47 272 47
47 215 78
47 88 29
47 316 86
48 290 69
48 308 73
48 52 3
48 74 21
48 330 54
48 283 94
48 284 23
48 331 6
48 95 46
48 288 60
49 98 5
49 277 29
49 231 78
49 242 82
49 57 28
49 296 82
49 205 94
49 222 63
49 143 48
50 130 97
50 53 78
50 155 37
50 202 87
50 187 31
50 109 13
50 174 73
50 64 1
51 257 26
51 258 81
51 103 51
51 311 84
51 169 64
51 298 71
51 219 55
52 289 100
52 290 6
52 308 33
52 229 53
52 330 98
52 276 10
52 266 49
52 283 41
52 288 3
53 161 12
53 280 55
53 130 25
53 185 83
53 155 76
53 140 23
53 109 76
54 111 87
54 119 32
54 72 22
54 218 79
54 184 90
54 192 42
54 128 32
55 338 100
55 344 55
55 197 38
55 178 2
55 122 10
55 104 74
56 67 36
56 292 44
56 69 72
56 136 10
56 235 26
56 307 100
56 272 97
56 147 18
56 88 9
56 58 28
56 91 87
56 304 90
56 319 89
57 337 6
57 323 55
57 231 93
57 205 85
57 143 91
57 242 56
57 179 100
57 303 6
57 277 56
57 310 71
57 59 7
57 188 9
57 222 3
58 197 20
58 104 69
58 344 80
58 274 12
58 304 62
58 178 1
58 307 61
58 338 93
58 122 69
58 91 65
58 314 74
58 319 82
59 323 38
59 143 31
59 333 78
59 205 60
59 303 66
59 179 97
59 277 58
59 310 48
59 279 9
59 188 18
59 222 63
60 129 88
60 147 34
60 292 76
60 341 51
60 150 32
60 232 67
60 204 30
60 63 48
61 133 63
61 134 25
61 138 48
61 107 59
61 77 52
61 79 10
61 145 61
61 245 31
61 247 96
61 293 3
61 123 76
61 190 34
62 97 6
62 322 26
62 227 38
62 108 96
62 294 47
62 141 82
62 300 58
62 173 72
62 291 54
62 240 3
62 181 8
62 278 80
62 349 41
62 191 82
63 129 35
63 180 74
63 341 14
63 150 39
63 142 17
63 254 72
64 146 81
64 202 38
64 155 60
64 265 6
64 130 4
64 187 9
64 72 47
64 174 100
64 128 100
65 338 37
65 344 81
65 137 53
65 122 87
65 172 100
65 334 18
65 335 72
66 210 25
66 275 55
66 326 72
66 247 85
67 292 79
67 69 65
67 198 64
67 232 72
67 235 22
67 136 32
67 272 35
67 88 9
67 304 82
67 147 68
67 215 50
67 91 78
67 316 53
67 87 95
67 319 81
68 260 2
68 245 53
68 134 48
68 217 3
68 250 49
68 107 83
68 92 27
68 157 45
68 79 95
69 198 61
69 136 47
69 235 4
69 88 47
69 304 6
69 147 6
69 335 82
69 215 34
69 91 67
69 272 87
69 319 98
70 345 66
70 132 96
70 71 19
70 203 91
70 275 91
70 113 39
70 274 40
70 314 46
70 85 70
70 186 25
70 281 72
70 282 10
70 158 100
70 159 42
71 132 36
71 274 91
71 203 18
71 204 7
71 207 70
71 113 60
71 281 92
71 314 12
71 150 48
71 186 62
71 345 47
71 282 80
71 158 89
71 159 42
72 199 54
72 111 3
72 119 13
72 184 79
72 218 40
72 187 63
72 192 49
72 128 65
73 177 3
73 115 90
73 223 89
73 264 34
73 224 97
73 76 94
73 126 71
73 239 93
73 80 42
74 290 43
74 295 99
74 330 28
74 144 92
74 266 34
74 283 61
74 284 56
74 331 29
74 347 76
74 95 52
74 288 94
75 337 50
75 242 7
75 165 62
75 296 91
75 89 56
75 160 54
76 177 52
76 264 99
76 175 95
76 81 53
76 115 65
76 121 35
76 250 8
76 251 87
76 93 40
76 126 84
76 223 98
77 145 80
77 210 95
77 133 3
77 247 30
77 151 42
77 293 35
77 138 71
77 346 89
77 190 32
78 157 88
78 116 40
78 221 20
78 134 88
78 217 70
78 250 71
78 123 10
78 93 86
79 245 41
79 134 100
79 258 75
79 169 5
79 105 78
79 219 86
79 107 61
80 115 33
80 223 72
80 264 17
80 126 64
80 239 93
80 224 64
81 264 92
81 175 50
81 177 19
81 115 66
81 121 64
81 250 33
81 251 30
81 93 31
81 126 45
81 223 18
82 258 50
82 103 87
82 278 74
82 135 54
82 105 41
82 156 9
82 240 64
82 118 51
82 287 2
83 102 39
83 265 83
83 146 96
83 318 32
83 343 54
83 252 14
83 350 12
83 166 64
84 340 81
84 87 77
84 170 74
84 268 43
84 316 25
85 324 7
85 178 1
85 203 2
85 113 61
85 274 90
85 275 27
85 345 17
85 186 71
85 282 85
85 158 69
85 159 50
86 337 98
86 321 68
86 243 27
86 348 84
86 246 15
86 295 2
86 120 89
86 162 51
86 220 35
86 286 43
87 272 66
87 259 78
87 316 69
87 88 80
87 170 4
87 268 90
87 232 41
88 292 92
88 198 12
88 232 74
88 235 14
88 136 96
88 272 43
88 147 42
88 215 26
88 91 68
88 304 27
88 319 44
89 165 90
89 246 74
89 296 91
89 348 4
89 127 54
89 160 66
90 194 10
90 259 82
90 228 29
90 101 75
90 263 71
90 168 70
90 234 66
90 268 70
90 340 36
90 153 25
90 261 60
91 292 88
91 136 93
91 235 22
91 204 29
91 304 4
91 147 21
91 272 7
91 319 8
92 135 63
92 105 76
92 175 45
92 121 19
92 260 46
92 214 79
92 217 81
92 250 88
92 251 92
92 156 44
92 93 33
93 217 42
93 214 96
93 121 70
93 250 49
93 251 69
93 157 69
93 175 73
94 97 89
94 163 21
94 294 78
94 238 71
94 241 35
94 164 95
94 181 19
94 300 26
94 124 44
94 253 10
95 290 99
95 331 6
95 144 51
95 308 12
95 266 23
95 283 19
95 284 4
95 347 76
95 330 66
95 288 13
96 201 47
96 342 96
96 312 88
96 233 62
96 252 99
96 350 100
96 318 59
97 322 83
97 227 47
97 300 35
97 294 56
97 141 51
97 240 58
97 241 6
97 181 41
97 291 95
97 124 87
97 349 87
97 191 41
98 242 52
98 277 62
98 231 29
98 315 90
98 143 20
99 328 71
99 233 69
99 236 41
99 269 88
99 302 21
99 208 68
99 297 39
99 213 86
99 342 37
100 161 44
100 101 51
100 261 57
100 153 58
100 106 27
100 206 17
101 180 48
101 261 83
101 263 31
101 153 98
101 206 63
101 341 17
102 166 56
102 265 73
102 350 50
102 146 45
102 343 31
102 252 53
102 318 98
102 255 77
103 257 86
103 258 43
103 262 89
103 311 34
103 169 48
103 287 29
104 338 23
104 307 54
104 197 56
104 122 70
104 314 23
104 344 91
104 178 2
105 260 44
105 156 32
105 278 53
105 135 39
105 258 81
105 287 20
106 273 62
106 212 67
106 216 88
106 185 5
106 339 98
106 320 98
107 245 89
107 133 73
107 134 96
107 138 34
107 123 38
107 157 44
108 209 23
108 322 92
108 291 64
108 181 70
108 135 100
108 227 6
108 240 60
108 173 47
109 161 76
109 233 7
109 213 25
109 155 68
109 140 71
109 302 25
110 248 61
110 244 15
110 309 66
110 224 46
111 343 79
111 119 38
111 265 87
111 184 49
111 128 6
112 116 63
112 325 38
112 139 45
112 313 72
112 117 87
112 123 95
112 221 91
112 190 87
113 132 44
113 203 35
113 207 34
113 281 13
113 275 8
113 282 92
113 345 80
113 186 80
113 171 86
113 158 17
113 159 92
114 323 19
114 230 99
114 199 51
114 329 70
114 267 50
114 271 43
114 222 14
114 310 18
114 299 44
114 256 18
115 177 58
115 223 68
115 264 65
115 126 51
115 239 79
116 244 85
116 325 74
116 313 93
116 221 96
117 325 58
117 123 2
117 313 43
117 139 43
117 221 24
117 190 72
118 262 10
118 240 5
118 273 6
118 196 49
118 278 5
118 287 47
119 184 9
119 192 6
119 128 80
120 193 3
120 162 32
120 348 40
120 165 48
120 327 42
120 321 20
120 243 12
120 246 18
120 220 1
120 286 71
120 127 47
121 177 76
121 214 75
121 250 19
121 251 63
121 126 61
121 223 79
121 175 98
122 338 38
122 172 38
122 344 99
122 137 72
122 334 49
123 133 4
123 134 23
123 190 34
123 138 69
123 157 94
123 221 39
124 163 76
124 300 65
124 294 71
124 238 98
124 241 61
124 181 2
124 183 31
124 347 6
124 349 29
125 257 56
125 311 16
125 171 89
125 142 57
125 207 72
126 177 74
126 264 92
126 239 7
126 251 37
126 223 8
127 348 35
127 165 29
127 246 8
127 327 47
127 220 84
127 160 66
128 265 87
128 174 98
128 184 27
128 218 97
129 150 76
129 204 40
129 142 68
129 254 85
130 226 28
130 187 89
130 155 51
130 280 47
130 174 79
131 209 81
131 225 74
131 148 86
131 173 96
131 301 52
131 349 99
131 270 27
131 176 59
132 274 28
132 203 50
132 204 77
132 281 39
132 307 6
132 186 93
132 150 75
132 314 20
132 345 79
132 159 11
133 145 69
133 190 27
133 293 43
133 134 98
133 247 24
133 138 77
134 245 88
134 217 58
134 138 33
134 157 65
135 258 49
135 260 59
135 156 37
135 214 85
136 198 68
136 137 85
136 235 13
136 272 79
136 338 64
136 335 48
136 215 78
136 304 4
136 319 8
137 338 38
137 172 2
137 344 9
137 334 55
137 335 74
138 145 58
138 247 20
138 293 85
138 190 18
139 313 30
139 325 33
139 221 24
140 161 1
140 213 63
140 200 45
140 185 83
140 208 69
140 269 23
140 302 100
140 206 17
141 322 85
141 227 84
141 164 6
141 294 10
141 300 96
141 240 33
141 241 82
141 181 96
141 278 18
141 291 24
141 191 33
142 311 4
142 254 16
143 231 39
143 167 1
143 296 38
143 205 75
143 242 29
143 179 92
143 277 48
143 222 11
144 284 34
144 279 14
144 295 54
144 331 5
144 188 23
144 333 25
144 238 49
145 245 90
145 293 80
145 247 50
145 298 9
145 219 73
146 343 49
146 265 23
146 202 51
146 318 15
146 255 67
147 292 12
147 232 79
147 235 57
147 204 61
147 272 17
147 304 49
147 319 66
148 209 6
148 183 44
148 301 13
148 211 35
148 347 23
148 349 55
148 270 65
148 176 80
149 237 87
149 276 93
149 229 77
149 289 7
150 281 70
150 254 22
150 204 52
151 210 61
151 293 91
151 247 68
151 346 75
151 190 52
152 273 24
152 182 37
152 189 14
152 320 96
152 191 100
153 194 32
153 263 45
153 200 66
153 234 51
153 269 24
153 206 19
153 208 90
153 213 28
153 261 2
154 225 86
154 237 35
154 239 73
155 161 53
155 202 49
155 187 57
155 280 97
155 174 92
156 260 90
156 214 94
156 258 24
156 287 100
156 278 75
157 217 7
157 221 17
158 203 13
158 274 58
158 275 88
158 186 88
158 345 14
158 282 87
158 159 18
159 203 44
159 204 66
159 274 14
159 307 41
159 186 59
159 345 43
159 314 32
159 281 47
160 337 1
160 242 29
160 243 97
160 165 4
160 246 51
160 296 4
160 348 13
161 280 40
161 185 24
161 206 14
162 193 76
162 321 68
162 220 30
162 246 47
162 327 54
162 348 11
163 294 43
163 333 86
163 238 87
163 241 72
163 300 15
163 347 66
163 253 16
164 241 85
164 300 49
164 191 7
165 220 11
165 246 53
165 327 84
165 348 18
166 201 63
166 252 41
166 318 58
166 195 20
166 350 92
167 231 35
167 323 91
167 230 7
167 199 2
167 256 67
167 205 47
167 222 18
167 271 36
167 192 40
168 306 41
168 228 34
168 263 62
168 328 79
168 249 37
168 194 17
168 234 63
168 317 69
169 257 81
169 258 21
169 245 55
169 298 82
169 219 59
170 215 99
170 316 33
171 275 82
171 326 46
171 186 40
171 298 73
171 203 68
171 282 20
171 207 100
172 338 79
172 335 41
172 344 4
172 334 32
173 209 76
173 291 36
173 301 65
173 349 73
174 187 43
175 177 54
175 260 13
175 214 37
175 217 70
175 250 31
175 251 39
176 289 69
176 225 81
176 229 100
176 237 49
176 301 22
176 270 29
176 209 16
176 211 64
176 183 13
176 349 84
177 264 6
177 239 14
177 251 43
177 223 49
178 274 76
178 307 70
178 324 3
178 197 2
178 345 89
178 314 18
179 337 14
179 242 93
179 243 61
179 295 42
179 279 37
179 188 47
179 205 78
179 303 26
180 212 6
180 341 32
180 339 29
180 254 100
181 322 95
181 291 67
181 294 53
181 227 34
181 240 40
181 241 10
181 300 97
181 349 93
181 191 48
182 273 78
182 189 54
182 320 45
183 294 29
183 266 39
183 270 92
183 211 28
183 347 70
183 349 60
184 218 34
184 192 45
185 280 26
186 203 5
186 207 83
186 281 8
186 275 86
186 345 85
186 282 30
187 280 8
187 226 86
188 295 81
188 329 86
188 333 26
188 205 73
188 238 55
188 303 88
188 337 12
188 310 6
188 279 35
189 273 73
189 320 81
190 346 74
190 293 81
190 247 8
191 322 94
191 227 86
191 294 7
191 300 1
191 240 82
192 199 36
192 230 26
192 271 84
192 218 80
192 256 26
193 321 77
193 220 55
193 327 42
194 228 36
194 263 95
194 328 49
194 234 14
194 306 4
194 317 69
194 285 84
194 249 65
195 252 25
195 201 47
195 332 20
195 350 70
196 273 99
196 262 47
196 311 81
196 216 33
197 274 4
197 307 5
197 338 13
197 344 25
197 314 27
198 335 41
198 215 52
198 235 21
198 319 3
198 304 83
199 230 23
199 267 96
199 271 28
199 218 47
199 256 37
200 213 2
200 261 58
200 236 87
200 269 67
200 206 61
200 208 34
201 332 41
201 252 55
201 350 89
201 318 96
202 233 94
202 312 79
202 302 17
202 255 34
203 207 8
203 281 99
203 275 52
203 345 43
203 282 91
204 281 80
204 292 20
205 323 15
205 230 14
205 231 80
205 303 9
205 277 79
205 310 41
205 222 4
206 213 7
206 263 35
206 261 36
206 269 64
206 208 54
207 282 62
208 261 45
208 328 77
208 297 15
208 236 78
208 269 97
208 302 13
208 233 59
208 213 81
209 349 17
209 301 47
209 291 63
210 293 17
210 247 36
210 346 25
211 289 78
211 266 93
211 270 41
211 308 83
211 229 87
211 347 14
211 349 76
211 283 7
211 288 32
212 339 46
212 216 33
213 233 95
213 236 17
213 269 56
213 302 38
213 297 33
214 217 59
214 260 97
214 250 61
214 251 17
215 235 63
215 272 25
215 335 97
215 316 47
216 273 71
216 339 67
216 320 50
217 250 34
217 260 51
218 230 97
218 271 32
218 256 96
219 257 59
219 245 60
219 298 15
220 321 97
220 327 59
220 348 17
220 246 96
221 325 50
221 313 73
222 323 45
222 231 3
222 303 65
222 277 90
222 310 49
222 230 1
223 264 82
223 239 78
223 251 40
224 309 98
224 264 58
225 237 64
225 301 4
225 239 76
226 280 90
227 322 100
227 291 26
227 300 1
227 294 51
227 240 53
227 241 98
227 278 3
228 306 28
228 340 67
228 234 64
228 249 99
228 317 63
229 289 36
229 276 29
229 308 97
229 283 41
229 237 6
229 270 44
230 323 13
230 231 6
230 267 12
230 271 96
230 256 18
231 277 15
231 315 24
232 259 44
232 292 80
232 268 90
232 272 24
233 312 68
233 297 77
233 236 76
233 302 8
234 261 86
234 263 1
234 328 62
234 317 87
234 269 17
234 306 7
234 249 17
235 292 9
235 304 56
235 272 9
235 319 62
236 328 51
236 269 41
236 302 80
236 297 29
236 342 21
236 285 5
236 317 29
237 289 12
237 276 69
238 329 8
238 333 72
238 303 31
238 310 98
238 279 63
238 253 53
240 322 81
240 291 15
240 287 81
240 278 43
241 322 75
241 294 56
241 291 37
241 300 67
241 349 22
242 277 39
242 337 25
242 296 90
243 337 11
243 321 79
243 246 42
243 295 76
243 348 2
243 286 48
244 305 57
244 309 64
244 248 50
244 313 34
244 325 9
244 336 93
245 298 91
246 321 13
246 348 57
246 327 87
246 286 71
247 346 52
247 293 11
248 309 56
248 336 51
249 306 48
249 317 36
250 260 25
250 251 91
252 350 63
252 332 82
252 318 61
253 323 39
253 310 36
253 279 39
253 329 82
253 299 46
253 333 83
253 303 75
255 265 85
255 312 33
255 318 9
256 299 60
256 271 73
256 267 2
257 311 9
257 298 29
258 287 17
258 278 74
259 340 7
259 341 43
259 268 53
261 263 73
261 269 27
262 311 95
263 340 93
265 343 34
266 290 37
266 308 40
266 331 42
266 270 10
266 330 5
266 283 89
266 347 36
266 288 5
267 310 32
267 323 43
267 329 65
267 299 18
267 271 44
268 340 59
269 297 17
269 302 24
269 328 96
270 289 18
270 308 80
270 347 95
270 349 27
270 283 60
270 288 89
272 292 69
272 304 45
272 319 69
273 339 54
273 320 95
274 324 29
274 345 51
274 307 90
274 281 17
274 314 66
275 326 47
275 282 94
275 345 45
276 289 78
276 290 91
276 308 16
276 330 24
276 283 46
276 288 60
277 296 40
278 287 54
279 295 63
279 329 5
279 333 39
279 303 53
279 310 94
281 307 45
281 345 95
281 314 81
282 345 14
282 326 79
283 290 69
283 331 15
283 308 35
283 347 97
283 330 30
283 288 87
284 290 71
284 295 46
284 330 81
284 331 87
285 328 42
285 317 83
286 337 8
286 321 13
286 295 20
286 348 61
288 290 46
288 308 61
288 331 69
288 330 15
288 347 44
289 308 52
290 331 74
290 308 9
290 330 79
291 322 46
291 294 52
291 300 32
291 349 52
292 304 71
292 319 15
293 346 63
294 322 3
294 300 19
294 349 76
295 337 61
295 331 26
296 337 93
297 342 64
297 312 33
297 302 61
299 323 33
299 310 65
299 329 72
300 322 30
301 349 77
302 312 66
303 323 9
303 329 42
303 333 98
303 310 26
304 319 18
305 313 27
305 325 23
305 336 44
306 340 42
307 344 96
307 338 98
307 314 83
307 319 13
308 331 100
308 330 3
310 323 58
310 329 66
310 333 97
313 325 28
314 345 13
317 328 31
318 350 18
319 338 47
319 335 16
320 339 31
321 348 38
323 329 32
323 333 24
324 345 45
327 348 5
328 342 31
329 333 76
330 331 90
331 347 51
334 338 25
334 344 100
334 335 7
335 338 100
338 344 12
347 349 64
10
1
1
1 2
1 2 3
1 2 3 4 5 6
1 2 3 4 5 6 7 8 9 10 11
1 2 3 4 5 6 7 8 9 10 11 12 13 14 15 16 17 18 19 20 21 22
1 2 3 4 5 6 7 8 9 10 11 12 13 14 15 16 17 18 19 20 21 22 23 24 25 26 27 28 29 30 31 32 33 34 35 36 37 38 39 40 41 42 43 44
1 2 3 4 5 6 7 8 9 10 11 12 13 14 15 16 17 18 19 20 21 22 23 24 25 26 27 28 29 30 31 32 33 34 35 36 37 38 39 40 41 42 43 44 45 46 47 48 49 50 51 52 53 54 55 56 57 58 59 60 61 62 63 64 65 66 67 68 69 70 71 72 73 74 75 76 77 78 79 80 81 82 83 84 85 86 87 88
1 2 3 4 5 6 7 8 9 10 11 12 13 14 15 16 17 18 19 20 21 22 23 24 25 26 27 28 29 30 31 32 33 34 35 36 37 38 39 40 41 42 43 44 45 46 47 48 49 50 51 52 53 54 55 56 57 58 59 60 61 62 63 64 65 66 67 68 69 70 71 72 73 74 75 76 77 78 79 80 81 82 83 84 85 86 87 88 89 90 91 92 93 94 95 96 97 98 99 100 101 102 103 104 105 106 107 108 109 110 111 112 113 114 115 116 117 118 119 120 121 122 123 124 125 126 127 128 129 130 131 132 133 134 135 136 137 138 139 140 141 142 143 144 145 146 147 148 149 150 151 152 153 154 155 156 157 158 159 160 161 162 163 164 165 166 167 168 169 170 171 172 173 174 175
