958
1 36 82
1 71 62
1 89 36
1 32 34
1 29 39
1 175 69
1 112 62
2 196 92
2 133 31
2 38 99
2 138 86
2 141 59
2 144 8
2 183 13
2 24 93
2 185 62
2 69 30
2 123 11
2 80 87
2 30 96
2 191 4
3 97 82
3 99 29
3 172 85
3 148 34
3 151 51
3 90 30
3 73 85
3 74 100
3 43 78
3 108 21
3 126 3
4 129 93
4 114 46
4 51 8
4 70 74
4 200 21
4 9 77
4 155 93
4 45 44
4 75 15
5 34 97
5 67 85
5 35 66
5 104 11
5 77 36
5 142 18
5 110 72
5 115 23
5 52 33
5 54 58
5 119 17
5 154 54
5 128 40
6 162 89
6 164 80
6 197 75
6 103 77
6 105 2
6 170 46
6 152 29
6 78 47
6 83 8
6 55 79
6 88 31
6 56 50
6 93 62
6 190 97
6 96 8
7 199 93
7 139 42
7 55 19
7 39 47
7 57 24
7 107 74
7 93 66
7 174 45
7 16 86
8 145 27
8 113 18
8 47 94
8 49 62
8 63 85
8 76 81
8 109 18
8 31 97
9 114 22
9 155 67
9 75 86
9 70 31
10 181 84
10 102 88
10 184 54
11 156 18
11 19 26
11 84 53
11 37 64
11 91 57
11 200 45
11 165 19
11 27 13
11 44 28
11 62 63
11 79 6
12 194 49
12 167 56
12 39 70
12 168 77
12 107 64
12 188 93
13 105 71
13 66 83
13 131 78
14 179 4
14 20 39
14 53 1
14 182 54
14 196 73
14 40 9
14 25 80
14 111 92
14 127 20
15 33 32
15 162 45
15 124 2
15 197 79
15 198 11
15 103 88
15 170 13
15 171 59
15 56 39
15 46 53
15 68 14
15 88 40
15 186 47
15 28 35
16 199 37
16 23 23
16 57 94
16 55 74
16 139 18
16 39 42
16 93 63
16 174 29
16 78 97
16 96 85
17 34 4
17 67 14
17 166 30
17 104 35
17 172 57
17 77 22
17 35 30
17 143 79
17 110 70
17 178 18
17 115 83
17 119 70
17 154 32
17 192 45
18 150 25
18 193 67
18 22 17
18 106 56
18 61 67
18 95 65
18 118 99
19 27 28
19 156 38
19 165 71
19 84 51
19 37 49
19 44 81
19 91 50
19 79 98
19 62 20
20 182 39
20 179 72
20 196 59
20 135 84
20 38 90
20 71 73
20 120 27
20 123 26
20 30 70
20 127 5
21 185 66
21 138 60
21 189 93
21 183 81
21 24 18
22 193 62
22 149 32
22 150 35
22 106 3
22 61 27
22 95 95
22 118 62
23 81 9
23 50 15
23 54 65
23 136 19
23 57 72
23 128 70
23 92 40
24 189 26
24 183 92
24 138 46
24 185 23
24 133 99
24 141 9
24 191 34
24 144 59
25 147 70
25 196 88
25 69 29
25 182 73
25 26 75
25 121 17
25 53 81
25 179 23
25 40 18
25 163 4
26 99 96
26 178 71
26 108 86
26 111 14
26 143 2
26 121 34
26 147 1
26 53 27
26 182 97
26 40 75
26 192 36
27 84 6
27 156 99
27 165 30
27 44 50
27 37 82
27 91 88
27 79 94
27 62 65
28 33 22
28 162 81
28 68 44
28 197 70
28 103 35
28 56 17
28 186 81
28 171 71
28 124 96
29 36 89
29 71 9
29 89 20
29 112 46
29 175 77
29 32 80
30 196 22
30 69 35
30 38 56
30 141 6
30 144 84
30 183 48
30 120 66
30 185 92
30 133 16
30 123 60
30 80 62
31 145 87
31 140 76
31 132 12
31 76 24
31 109 39
31 94 79
31 63 46
31 160 68
32 36 55
32 71 63
32 135 6
32 120 66
32 175 84
32 112 27
33 162 59
33 68 39
33 197 32
33 198 3
33 103 82
33 186 50
33 171 46
33 124 76
34 35 57
34 67 79
34 104 29
34 73 23
34 172 43
34 77 46
34 110 44
34 142 56
34 115 98
34 148 9
34 54 88
34 119 36
34 154 98
34 192 28
34 128 56
35 115 13
35 52 34
35 119 57
35 104 99
35 137 81
35 154 88
35 77 71
35 142 34
36 71 24
36 175 69
36 112 40
37 156 56
37 165 3
38 196 36
38 69 14
38 141 84
38 144 65
38 183 1
38 120 23
38 185 81
38 133 29
38 123 58
38 80 72
39 194 75
39 188 97
39 168 18
39 139 7
39 107 94
40 121 42
40 147 76
40 69 18
40 182 95
40 108 11
40 53 50
40 163 5
41 161 73
41 122 17
41 85 71
41 98 95
42 97 81
42 101 55
42 72 40
42 74 36
42 43 71
42 108 27
42 48 34
42 177 40
42 125 61
42 147 94
42 116 77
42 187 74
42 157 6
42 158 93
42 64 31
43 97 97
43 72 46
43 108 97
43 48 71
43 177 33
43 74 49
43 90 84
43 187 44
43 157 46
43 64 26
44 84 63
44 91 12
44 156 48
44 79 15
44 62 8
45 129 31
45 114 91
45 195 90
45 146 20
45 75 37
45 51 85
46 81 6
46 162 64
46 197 78
46 198 76
46 88 53
46 90 74
46 136 25
47 113 88
47 76 55
47 181 6
48 97 6
48 72 49
48 108 34
48 177 14
48 147 17
48 74 33
48 121 78
48 187 81
48 157 82
48 125 16
48 64 27
49 145 21
49 132 68
49 58 32
49 76 31
49 94 69
49 160 11
50 67 26
50 136 84
50 73 83
50 172 83
50 77 27
50 110 34
50 81 9
50 148 66
50 54 33
50 151 40
50 92 41
50 126 13
50 128 44
51 129 76
51 114 74
51 195 30
51 146 96
51 75 84
52 54 49
52 119 80
52 142 9
53 99 72
53 108 68
53 143 75
53 178 3
53 147 24
53 182 33
53 121 50
53 111 21
53 192 65
54 67 21
54 77 20
54 142 72
54 110 12
54 148 32
54 119 100
54 154 83
54 92 28
54 128 24
55 164 79
55 199 73
55 174 11
55 78 63
55 83 27
55 57 95
55 96 75
55 93 36
55 190 48
56 162 68
56 103 61
56 152 57
56 170 16
56 171 82
57 199 14
57 136 72
57 139 70
57 174 9
57 78 33
57 81 88
57 88 45
57 93 70
57 190 28
57 96 94
58 132 11
58 94 93
58 160 76
59 65 100
59 137 52
59 134 53
59 98 62
59 153 63
59 86 13
60 163 20
60 180 66
60 69 38
60 101 4
60 125 43
60 191 31
60 80 9
61 106 37
61 102 93
61 118 30
62 82 1
62 84 47
62 165 85
62 200 62
62 156 58
62 91 53
63 161 67
63 145 26
63 140 44
63 149 42
63 76 25
63 109 60
63 94 96
64 97 50
64 72 20
64 74 40
64 108 74
64 177 29
64 147 70
64 187 62
64 157 2
64 125 27
65 153 32
65 86 36
65 98 52
65 137 31
65 169 53
65 79 96
65 134 16
66 105 78
66 131 60
66 164 46
66 152 96
67 151 87
67 104 63
67 73 10
67 172 82
67 77 38
67 110 61
67 115 38
67 148 26
67 119 29
67 154 2
67 92 27
67 126 18
67 128 68
68 97 4
68 197 23
68 198 16
68 74 72
68 171 78
68 90 2
68 186 13
68 124 28
68 157 28
69 163 79
69 133 19
69 80 57
69 144 26
69 147 37
69 125 13
70 114 66
70 75 34
71 135 22
71 120 58
71 175 33
71 112 23
72 97 35
72 74 10
72 108 37
72 177 35
72 125 46
72 116 68
72 187 59
72 157 78
72 158 81
73 104 38
73 172 21
73 77 44
73 110 72
73 178 7
73 148 28
73 151 3
73 128 36
73 154 91
73 99 95
73 92 33
73 126 61
73 192 99
74 97 53
74 198 70
74 177 84
74 90 60
74 187 8
74 124 67
74 157 17
74 158 3
75 129 25
75 114 50
76 113 34
76 145 30
76 109 57
77 104 100
77 172 17
77 110 99
77 142 72
77 115 23
77 148 66
77 119 7
77 154 89
77 92 86
77 128 94
78 131 23
78 164 3
78 199 86
78 170 45
78 174 9
78 83 65
78 152 96
78 93 32
78 190 26
78 96 57
79 153 81
79 134 78
79 137 19
79 86 34
80 163 14
80 133 71
80 144 84
80 180 19
80 183 10
80 185 51
80 189 11
80 191 36
81 199 21
81 88 99
81 92 79
81 136 71
81 126 19
82 130 28
82 84 77
82 165 10
82 200 55
82 89 28
82 91 97
83 131 75
83 164 86
83 199 97
83 105 17
83 170 11
83 174 68
83 152 35
83 93 11
83 190 56
83 96 4
84 165 49
84 200 77
84 91 47
85 161 80
85 122 5
85 98 58
86 98 6
86 134 31
86 137 84
86 153 11
87 169 2
87 155 32
87 173 63
87 159 95
87 176 13
88 162 56
88 197 85
88 199 26
88 136 37
88 170 77
88 198 95
89 130 38
89 165 84
89 175 53
89 112 80
90 97 8
90 198 41
90 151 5
90 124 76
90 157 69
90 126 45
91 165 48
91 200 38
91 156 34
92 136 27
92 172 85
92 110 29
92 148 99
92 151 56
92 126 77
92 128 28
93 164 81
93 199 3
93 139 31
93 174 44
93 96 24
93 190 42
94 145 26
94 132 35
94 140 2
94 109 64
94 176 74
94 160 38
95 193 74
95 149 39
95 106 45
95 118 11
96 131 9
96 164 23
96 199 64
96 170 5
96 174 58
96 152 85
96 190 10
97 198 96
97 108 87
97 177 43
97 187 79
97 124 48
97 157 48
97 158 1
98 161 84
98 153 19
98 134 61
99 178 62
99 172 1
99 111 3
99 121 65
99 108 53
99 143 19
99 192 61
100 130 19
100 146 96
101 177 91
101 116 99
101 187 3
101 125 47
101 158 88
102 106 42
102 184 35
103 162 59
103 170 76
103 171 6
103 152 95
104 172 16
104 142 26
104 110 75
104 178 62
104 115 99
104 148 82
104 119 27
104 154 26
104 128 36
104 192 10
105 131 16
105 164 58
105 152 5
105 170 73
105 190 1
106 193 9
106 149 83
106 118 53
107 117 14
107 167 39
107 139 8
108 125 46
108 147 94
108 121 48
108 187 99
108 157 31
109 145 89
109 113 71
109 140 12
109 160 37
110 151 83
110 172 96
110 115 28
110 148 83
110 119 49
110 154 53
110 126 18
110 128 50
111 178 27
111 182 35
111 166 69
111 121 84
111 127 70
111 143 6
111 192 66
112 175 65
113 145 85
113 181 43
113 149 40
114 129 24
115 172 39
115 142 3
115 178 4
115 148 57
115 119 31
115 154 44
115 192 14
116 177 1
116 187 96
116 158 27
117 150 65
117 167 91
118 150 28
119 148 6
119 142 2
119 154 22
119 128 52
120 179 12
120 135 13
120 196 64
120 123 37
120 141 37
121 143 21
121 178 69
121 147 99
121 192 79
122 161 23
122 168 35
123 196 70
123 141 52
123 135 9
124 198 12
124 171 62
124 186 11
124 157 100
124 158 100
125 163 50
125 177 54
125 147 19
125 187 80
126 198 79
126 172 31
126 148 78
126 151 14
127 179 87
127 182 12
127 196 24
127 143 24
128 172 36
128 142 69
128 148 88
128 154 21
129 146 8
129 200 57
130 146 55
130 165 29
130 200 15
131 164 100
131 152 4
131 190 9
132 140 34
132 173 18
132 160 9
133 138 56
133 141 18
133 180 33
133 183 69
133 185 69
133 144 37
133 189 1
133 191 98
134 153 21
134 137 88
134 169 89
134 176 8
135 179 2
135 196 14
135 141 24
136 199 61
136 197 90
136 198 87
136 174 4
137 153 49
138 183 65
138 185 6
138 189 79
138 191 38
139 199 85
139 174 89
140 145 69
140 173 24
140 176 42
140 160 82
141 196 70
141 144 98
141 183 5
141 185 61
142 154 85
143 178 10
143 166 21
143 192 19
144 163 77
144 183 65
144 185 92
144 191 3
145 160 42
147 163 43
148 172 59
148 151 71
148 154 42
149 193 51
150 194 91
150 167 23
151 172 54
152 164 16
152 162 18
152 170 22
152 190 41
154 172 94
154 192 76
155 159 27
156 165 65
157 177 7
157 187 83
157 158 45
158 177 5
158 187 62
159 169 20
159 176 66
160 173 28
162 164 49
162 197 17
162 170 43
162 171 29
163 191 27
164 170 36
164 190 61
165 200 93
166 178 19
166 192 48
167 194 69
168 188 91
168 194 70
169 176 49
170 197 91
170 190 42
171 197 86
171 186 74
172 178 22
172 192 10
173 176 21
174 199 62
174 190 5
177 187 89
178 192 37
179 182 60
179 196 87
180 189 89
180 191 65
181 184 30
182 196 92
183 185 65
183 189 93
183 191 15
185 189 21
185 191 57
188 194 66
189 191 11
190 199 83
197 198 81
10
1
1
1
1 2
1 2 3 4
1 2 3 4 5 6 7
1 2 3 4 5 6 7 8 9 10 11 12 13
1 2 3 4 5 6 7 8 9 10 11 12 13 14 15 16 17 18 19 20 21 22 23 24 25
1 2 3 4 5 6 7 8 9 10 11 12 13 14 15 16 17 18 19 20 21 22 23 24 25 26 27 28 29 30 31 32 33 34 35 36 37 38 39 40 41 42 43 44 45 46 47 48 49 50
1 2 3 4 5 6 7 8 9 10 11 12 13 14 15 16 17 18 19 20 21 22 23 24 25 26 27 28 29 30 31 32 33 34 35 36 37 38 39 40 41 42 43 44 45 46 47 48 49 50 51 52 53 54 55 56 57 58 59 60 61 62 63 64 65 66 67 68 69 70 71 72 73 74 75 76 77 78 79 80 81 82 83 84 85 86 87 88 89 90 91 92 93 94 95 96 97 98 99 100
