2058
1 33 28
1 166 78
1 276 82
1 49 19
1 374 84
1 88 18
1 130 57
1 76 57
1 14 26
1 96 93
2 17 26
2 82 91
2 101 66
2 55 46
2 361 20
2 200 80
2 121 54
2 120 14
2 43 25
2 160 8
2 192 46
3 321 82
3 243 50
3 268 24
3 311 7
3 153 50
3 332 96
3 300 49
3 142 37
4 380 52
4 229 84
4 79 84
4 119 27
4 312 83
4 276 72
4 88 57
4 168 54
4 175 16
4 128 97
5 25 19
5 67 98
5 268 58
5 311 42
5 250 29
5 329 78
5 243 53
5 340 23
5 332 84
5 291 38
6 290 14
6 69 51
6 102 36
6 327 49
6 171 74
6 78 39
6 158 4
6 149 65
6 183 86
6 185 60
6 331 56
6 286 99
6 351 100
7 194 58
7 284 8
7 79 96
7 86 35
7 251 76
7 288 80
7 173 14
7 175 81
7 128 37
8 345 39
8 18 4
8 35 49
8 57 22
8 119 49
8 168 42
8 249 41
8 186 57
8 28 31
8 305 49
9 360 50
9 293 38
9 50 93
9 40 44
9 297 50
9 10 20
9 108 48
9 141 61
9 136 49
9 29 76
9 82 82
9 115 9
9 244 84
9 125 38
9 383 12
10 82 16
10 115 62
10 244 87
10 360 35
10 141 2
10 108 50
10 29 92
10 136 52
10 200 34
10 297 29
11 385 2
11 386 20
11 100 16
11 389 38
11 233 49
11 394 68
11 48 9
11 275 38
11 202 100
11 377 69
11 381 14
11 240 16
11 221 83
12 162 31
12 164 38
12 296 98
12 265 66
12 395 25
12 172 63
12 205 43
12 112 77
12 306 42
12 292 100
12 182 70
12 215 18
12 184 42
12 315 96
12 274 83
13 274 87
13 307 40
13 172 26
13 189 24
13 143 33
14 33 61
14 130 41
14 276 59
14 166 49
14 374 46
14 393 16
14 362 64
14 139 64
14 316 29
14 128 6
15 238 63
15 275 75
15 180 66
15 117 7
15 318 45
15 314 76
15 53 99
15 179 64
15 70 9
15 48 61
16 330 84
16 207 71
17 82 41
17 136 99
17 361 56
17 121 47
17 43 31
17 120 27
17 160 92
17 200 62
17 192 55
18 305 40
18 249 36
18 35 64
18 380 24
18 119 79
18 168 27
18 57 94
18 28 74
18 186 89
18 312 34
19 322 72
19 309 98
19 38 38
19 152 62
19 26 70
19 235 77
19 258 49
19 367 45
20 157 77
20 324 90
20 132 100
20 150 8
20 216 85
20 201 68
20 170 2
20 140 55
20 237 32
21 115 2
21 220 31
21 22 47
21 295 7
21 104 4
21 346 46
21 60 71
21 254 39
21 111 21
22 98 47
22 60 66
22 295 41
22 264 4
22 341 32
22 104 93
22 47 18
22 371 74
22 111 9
22 154 10
22 346 7
22 219 8
22 220 5
23 369 81
23 337 23
23 355 26
23 294 59
23 45 50
23 347 95
23 397 52
23 190 14
23 335 56
24 97 23
24 354 61
24 212 6
24 135 26
24 228 94
24 138 28
24 32 61
24 266 30
24 398 6
24 90 83
25 99 40
25 196 58
25 247 95
25 267 1
25 268 35
25 81 70
25 340 42
25 213 31
25 311 74
25 313 30
25 250 41
25 332 74
25 349 85
25 126 1
25 64 36
26 65 42
26 344 14
26 293 45
26 38 65
26 297 100
26 125 41
26 235 21
26 108 10
26 141 67
26 367 31
26 50 42
26 152 59
26 29 63
26 383 66
27 84 80
27 167 91
27 169 21
27 204 34
27 241 100
27 223 12
27 52 65
27 117 24
27 54 27
27 245 26
27 124 84
27 318 76
27 255 54
28 305 94
28 35 25
28 159 24
28 312 8
28 168 70
28 234 60
28 302 15
28 338 71
28 352 67
29 65 99
29 293 95
29 38 38
29 360 78
29 297 14
29 108 92
29 141 70
29 367 81
29 304 35
29 50 84
29 244 100
29 344 4
29 125 33
29 383 99
30 161 64
30 193 31
30 230 91
30 75 85
30 238 94
30 144 25
30 206 36
30 180 55
30 53 13
30 314 100
30 283 47
30 256 74
30 94 93
30 70 71
31 257 17
31 99 43
31 294 26
31 73 97
31 364 78
31 126 78
31 80 21
31 369 8
31 313 79
31 349 40
31 190 26
31 191 63
32 257 27
32 357 80
32 212 57
32 41 8
32 266 42
32 398 1
32 308 88
32 85 73
32 138 26
32 90 85
32 188 56
33 130 9
33 36 62
33 166 18
33 362 81
33 374 46
34 211 17
34 372 23
34 214 5
34 392 21
34 393 65
34 107 30
34 95 26
34 139 6
34 287 67
34 334 4
35 305 67
35 168 47
35 159 71
35 312 11
35 234 54
35 302 58
35 338 86
35 352 36
36 242 80
36 324 41
36 150 81
36 279 73
36 201 86
36 362 100
36 140 42
37 195 93
37 55 55
37 391 37
37 361 33
37 39 90
37 379 51
37 396 22
37 317 84
37 46 76
38 50 95
38 383 39
38 152 30
38 235 58
38 344 34
38 367 85
39 59 77
39 391 2
39 231 50
39 379 92
39 272 54
39 317 69
39 270 12
39 46 33
40 227 56
40 325 92
40 61 40
40 108 12
40 141 1
40 297 24
40 115 5
40 310 84
40 151 46
40 216 19
40 218 39
40 125 71
40 346 87
41 257 36
41 153 54
41 142 69
41 73 59
41 90 76
41 332 10
41 349 88
41 398 44
42 147 20
42 198 39
42 375 33
43 295 50
43 200 54
43 361 97
43 46 78
43 82 26
43 120 35
43 121 69
43 379 86
43 160 98
43 317 95
43 254 9
43 192 43
44 333 83
44 285 29
44 239 100
44 143 43
45 369 39
45 355 87
45 294 11
45 347 44
45 397 29
45 190 99
45 255 100
45 80 64
46 121 63
46 254 45
46 55 84
46 361 57
46 317 60
46 379 15
46 391 69
47 98 46
47 163 96
47 68 23
47 390 95
47 104 6
47 264 35
47 218 67
47 60 61
47 371 46
47 341 76
47 346 94
47 154 45
47 219 95
47 220 73
48 389 14
48 275 34
48 100 9
48 261 65
48 377 93
48 202 9
48 179 77
48 224 94
49 130 59
49 374 9
49 88 53
49 57 78
49 76 94
49 109 12
49 96 5
50 293 85
50 360 50
50 297 31
50 108 39
50 141 86
50 304 83
50 244 96
50 344 88
50 383 56
51 273 42
51 194 79
51 92 95
51 343 50
51 187 20
51 320 58
51 253 51
51 319 75
51 288 6
52 146 29
52 245 94
52 223 29
52 71 46
52 280 12
52 345 36
52 124 93
52 365 84
52 271 18
52 167 12
53 193 26
53 230 98
53 75 36
53 269 57
53 238 79
53 303 25
53 144 85
53 180 11
53 314 95
53 70 71
54 355 72
54 167 24
54 169 10
54 204 25
54 397 55
54 241 24
54 84 72
54 117 46
54 223 77
54 245 42
54 318 12
54 255 28
55 195 50
55 101 77
55 118 12
55 391 54
55 379 75
55 396 28
55 192 7
56 195 48
56 116 100
56 199 90
56 378 10
56 137 44
56 106 18
56 123 57
56 396 3
56 356 42
56 208 67
57 380 23
57 119 96
57 249 76
57 186 95
57 76 46
57 109 30
57 96 67
58 161 76
58 162 39
58 206 99
58 230 93
58 155 78
58 205 78
58 94 11
58 159 28
58 256 37
59 289 75
59 231 9
59 295 58
59 317 36
59 270 67
59 111 60
59 272 11
60 289 50
60 98 24
60 295 82
60 104 50
60 111 99
60 371 97
60 154 61
60 219 3
60 220 34
60 254 47
61 227 6
61 132 41
61 325 25
61 310 79
61 216 9
61 218 43
61 346 31
62 386 75
62 102 46
62 359 91
62 331 92
62 269 37
62 303 67
62 144 21
62 183 8
62 248 31
62 185 42
62 240 100
62 381 52
63 114 91
63 373 66
63 247 48
63 329 99
63 156 9
63 399 40
64 225 31
64 99 19
64 196 23
64 263 36
64 267 44
64 81 61
64 340 36
64 213 14
64 247 19
64 313 96
64 250 86
64 126 54
64 224 80
65 258 30
65 131 23
65 293 50
65 297 72
65 235 27
65 108 60
65 141 19
65 152 90
65 367 20
65 301 19
65 310 47
65 151 98
65 122 37
65 125 73
65 384 75
66 113 96
66 131 34
66 325 85
66 310 55
66 151 77
66 328 46
66 122 53
66 216 93
66 237 33
66 384 37
67 243 52
67 340 19
67 311 38
67 329 51
67 250 68
67 268 95
67 291 74
68 98 90
68 163 19
68 341 11
68 390 18
68 264 60
68 217 69
68 154 96
68 219 67
68 371 32
68 368 45
69 129 64
69 290 51
69 388 25
69 74 45
69 333 38
69 366 82
69 239 77
69 78 35
69 158 6
69 185 14
69 286 49
69 351 31
70 193 54
70 230 18
70 75 57
70 269 55
70 238 49
70 303 15
70 94 8
70 180 47
70 314 13
70 144 14
71 345 82
71 146 98
71 167 99
71 280 5
71 249 28
71 124 63
71 365 40
71 271 33
72 97 75
72 354 84
72 228 37
72 134 65
72 135 95
72 266 35
72 87 80
73 257 98
73 357 4
73 294 68
73 364 73
73 126 15
73 80 5
73 369 43
73 313 72
73 90 89
73 188 94
73 349 73
73 190 6
73 191 14
74 226 19
74 339 29
74 110 100
74 239 77
74 382 16
74 210 45
74 147 46
74 375 14
74 366 36
74 285 66
74 350 47
75 161 100
75 193 48
75 230 89
75 269 31
75 303 25
75 314 26
75 277 73
75 248 7
75 144 73
75 94 81
76 130 4
76 374 80
76 109 14
76 88 10
76 217 68
76 96 7
77 362 16
77 279 23
77 287 37
78 386 67
78 327 86
78 290 36
78 171 18
78 158 59
78 149 64
78 183 48
78 185 21
78 331 36
78 286 34
78 351 18
78 102 21
79 276 59
79 229 39
79 119 82
79 88 15
79 380 83
79 173 30
79 175 25
79 128 45
80 369 91
80 99 29
80 294 24
80 347 21
80 224 60
80 190 40
80 126 5
81 99 82
81 196 8
81 267 38
81 332 81
81 313 16
81 340 27
81 213 45
81 247 29
81 250 25
81 268 4
81 349 90
81 126 68
82 360 79
82 136 15
82 304 23
82 244 38
82 120 94
82 121 65
82 200 32
82 160 1
83 86 65
83 127 6
83 296 93
83 298 82
83 251 11
83 319 19
83 288 87
84 241 98
84 223 73
84 355 11
84 245 94
84 167 24
84 204 76
84 397 28
84 347 87
84 255 58
85 357 6
85 199 63
85 308 92
85 364 81
85 398 18
85 335 33
85 116 21
85 138 67
85 378 34
85 123 13
85 188 20
85 212 74
86 312 96
86 229 6
86 127 75
86 168 98
86 298 88
86 251 46
86 288 14
86 175 71
86 352 95
87 97 38
87 354 75
87 228 21
87 134 71
88 130 69
88 229 53
88 374 4
88 175 26
88 276 53
88 119 82
88 128 35
88 380 80
88 96 14
89 129 89
89 209 48
89 388 11
89 375 45
89 232 100
89 363 79
89 222 17
89 366 59
90 257 28
90 357 83
90 138 6
90 364 44
90 398 9
90 142 32
90 212 4
90 188 13
90 349 20
90 191 6
91 370 65
91 147 85
91 189 57
91 197 58
91 252 79
91 210 69
91 165 52
91 348 74
91 285 50
91 259 44
91 382 88
92 273 48
92 178 50
92 260 48
92 343 33
92 194 53
92 330 33
92 203 94
92 284 49
92 207 33
92 353 16
93 323 61
93 133 60
93 112 56
94 161 79
94 230 41
94 206 48
94 303 93
94 144 46
94 277 87
94 248 10
94 283 53
94 256 16
95 211 8
95 372 22
95 392 19
95 107 11
95 139 31
95 287 17
95 334 70
96 130 61
96 374 47
96 119 48
96 380 99
96 109 23
97 354 5
97 228 28
97 134 21
97 266 79
97 135 92
98 390 63
98 264 68
98 104 33
98 368 62
98 371 59
98 341 31
98 154 67
98 219 30
99 369 13
99 196 96
99 294 10
99 263 36
99 267 16
99 213 42
99 313 26
99 224 82
99 349 60
99 126 73
100 385 61
100 386 96
100 261 8
100 233 4
100 202 91
100 240 50
100 275 10
100 394 47
100 377 53
100 389 22
100 221 8
100 381 67
101 195 15
101 118 30
101 160 4
101 192 48
101 391 36
102 327 1
102 359 77
102 183 46
102 185 11
102 331 40
102 333 14
102 158 71
103 145 82
103 178 94
103 326 96
103 376 25
103 281 86
103 282 3
103 203 23
103 174 55
103 336 4
104 289 68
104 220 10
104 295 7
104 111 68
104 371 61
104 154 10
104 219 18
104 254 65
105 148 54
105 296 13
105 187 97
105 236 37
105 253 14
105 319 97
105 320 62
106 195 27
106 116 72
106 118 27
106 199 26
106 137 6
106 378 9
106 396 68
106 208 15
107 211 70
107 372 7
107 139 21
107 316 60
107 287 66
108 293 11
108 360 51
108 141 31
108 367 67
108 115 32
108 125 53
108 383 49
108 297 37
109 217 14
109 374 80
109 390 81
109 368 12
110 226 22
110 147 7
110 382 79
110 198 49
110 375 64
110 210 75
110 339 29
110 366 19
110 350 75
111 289 37
111 295 60
111 154 93
111 220 79
111 254 5
112 323 53
112 236 7
112 133 79
112 358 21
112 215 65
112 184 49
112 265 31
112 395 82
112 315 33
113 122 67
113 237 46
113 278 39
113 170 96
114 177 54
114 373 86
114 329 62
114 156 80
114 399 29
115 125 35
115 227 94
115 346 50
115 297 97
115 141 88
116 195 92
116 356 79
116 199 47
116 137 68
116 396 19
116 335 8
116 208 65
116 378 96
116 123 70
117 241 87
117 180 1
117 167 92
117 169 51
117 314 91
117 204 20
117 238 27
117 318 2
118 195 31
118 391 47
118 137 47
118 396 2
118 208 34
119 229 50
119 305 90
119 175 92
119 312 46
119 186 82
119 380 25
119 168 8
120 361 87
120 200 5
120 121 62
120 160 18
120 136 28
120 192 12
121 200 82
121 361 96
121 379 76
121 192 37
121 254 31
121 160 4
122 131 13
122 325 89
122 310 22
122 151 50
122 328 2
122 301 79
122 384 41
123 308 11
123 199 39
123 137 88
123 378 4
123 208 38
123 212 66
124 345 20
124 249 91
124 167 36
124 280 59
124 169 27
124 146 8
124 365 26
124 271 57
125 131 2
125 325 78
125 293 8
125 141 50
125 367 73
125 297 19
125 310 59
125 151 84
125 384 21
126 257 56
126 369 43
126 294 95
126 267 95
126 313 95
126 213 69
126 349 53
126 190 54
126 191 45
126 224 85
127 305 54
127 182 60
127 168 16
127 298 58
127 251 61
127 312 66
127 302 74
127 352 24
128 316 21
128 229 53
128 166 52
128 276 50
128 380 76
128 175 10
129 209 74
129 363 18
129 388 17
129 232 83
129 171 23
129 366 92
129 351 54
129 222 9
130 374 54
130 166 100
131 325 18
131 310 44
131 151 80
131 301 40
131 328 83
131 367 16
131 384 74
132 324 62
132 150 30
132 216 80
132 218 16
132 237 96
132 140 10
133 323 15
133 358 11
133 215 67
133 265 79
133 236 20
134 354 52
134 228 91
135 354 33
135 228 9
135 266 28
136 360 28
136 244 93
136 200 63
136 160 27
136 304 97
137 195 26
137 199 66
137 378 54
137 208 18
138 308 53
138 212 68
138 266 2
138 398 29
139 166 19
139 393 20
139 372 91
139 334 97
139 276 7
139 316 99
139 287 26
139 214 25
140 157 92
140 324 40
140 150 2
140 242 78
140 201 26
140 170 33
140 237 73
141 293 40
141 360 94
141 297 64
141 244 2
141 344 10
141 383 16
142 257 88
142 268 35
142 311 1
142 153 47
142 332 58
142 300 58
142 349 99
143 252 80
143 197 79
143 285 49
143 333 83
143 189 7
143 239 89
144 230 63
144 359 87
144 269 30
144 303 22
144 248 90
144 277 74
145 211 66
145 246 33
145 392 34
145 282 13
145 203 33
145 334 40
145 174 42
145 336 71
146 249 68
146 280 88
146 345 56
146 365 82
146 271 1
146 368 66
147 226 89
147 197 27
147 198 27
147 382 84
147 210 25
147 339 85
147 375 47
147 350 47
148 387 92
148 181 15
148 187 20
148 236 84
148 253 50
148 319 98
148 320 64
149 290 53
149 327 64
149 171 91
149 400 5
149 363 38
149 286 53
149 185 7
149 299 47
149 158 74
149 351 5
150 242 27
150 157 49
150 201 18
150 170 10
150 324 99
150 237 44
151 227 42
151 325 27
151 310 84
151 216 90
151 384 31
152 258 13
152 293 97
152 344 82
152 235 56
152 301 75
152 367 80
153 321 29
153 243 37
153 340 72
153 311 14
153 268 56
153 332 71
153 300 59
154 289 83
154 264 56
154 371 48
154 341 42
154 220 79
154 219 57
155 161 54
155 162 58
155 306 58
155 234 70
155 205 37
155 206 4
155 302 97
155 338 55
155 283 10
155 159 93
155 256 35
156 385 66
156 373 84
156 399 69
156 299 52
156 177 83
157 242 28
157 278 87
157 201 3
157 170 57
157 324 90
157 237 72
158 290 22
158 327 60
158 171 17
158 286 34
158 183 94
158 185 66
158 331 45
158 351 72
159 306 69
159 234 20
159 205 17
159 302 86
159 206 83
159 338 55
159 182 80
159 283 78
159 256 75
159 352 3
160 361 45
160 200 39
160 192 61
161 162 16
161 283 89
161 230 4
161 205 97
161 206 84
161 277 82
161 256 32
162 292 40
162 306 34
162 395 67
162 172 37
162 205 16
162 274 10
162 307 53
162 184 62
162 315 92
163 217 21
163 390 84
163 264 64
164 306 92
164 184 97
164 182 12
164 296 47
164 265 34
164 298 43
164 395 52
164 205 80
164 302 84
164 352 83
165 210 13
165 259 1
165 252 25
165 197 77
165 262 68
165 370 31
165 189 72
165 348 98
165 285 9
165 382 66
166 276 51
166 393 74
166 362 59
166 316 47
167 169 92
167 204 29
167 271 83
167 241 34
167 280 14
167 245 50
167 318 40
167 223 20
168 229 29
168 380 20
168 175 64
168 305 31
168 312 57
168 352 83
169 241 9
169 180 89
169 204 17
169 314 60
169 318 85
170 242 76
170 278 29
170 201 22
170 324 74
170 237 8
171 290 13
171 388 43
171 327 55
171 232 96
171 363 33
171 400 22
171 185 27
171 286 54
171 351 10
172 307 100
172 292 2
172 358 67
172 184 94
172 315 75
172 205 2
172 274 71
172 395 47
173 353 58
173 194 53
173 246 51
173 214 68
173 251 79
173 284 6
173 288 66
174 282 6
174 211 90
174 392 10
175 229 28
175 312 33
175 276 1
175 251 74
175 380 33
176 370 55
176 259 97
176 358 92
176 262 48
176 342 77
177 385 25
177 394 19
177 299 92
177 221 78
177 399 66
177 400 17
178 273 9
178 260 64
178 326 58
178 376 15
178 281 20
178 330 30
178 203 46
178 207 20
178 336 47
179 275 40
179 261 36
179 377 35
179 389 28
179 238 24
180 193 6
180 241 80
180 314 49
180 318 95
180 238 68
181 387 13
181 236 51
182 296 5
182 298 11
182 395 31
182 205 46
182 302 66
182 306 37
182 184 57
182 352 42
183 386 34
183 327 64
183 359 94
183 331 34
183 333 58
183 240 37
183 185 74
184 296 60
184 265 71
184 395 11
184 205 51
184 306 85
184 274 41
184 292 19
184 215 76
184 315 78
185 386 91
185 359 80
185 290 75
185 286 57
185 327 96
185 331 67
185 351 14
186 249 50
186 380 55
187 387 41
187 343 88
187 253 7
187 319 45
187 320 32
188 257 63
188 364 18
188 357 61
188 191 29
188 398 24
188 335 43
188 190 52
189 370 59
189 252 28
189 197 75
189 262 4
189 285 49
189 348 94
190 369 37
190 294 58
190 364 57
190 337 90
190 191 48
191 257 30
191 357 94
191 364 27
191 398 56
191 335 13
191 349 53
192 391 77
192 361 36
193 314 20
193 283 13
193 256 61
193 318 59
193 238 29
194 353 26
194 273 58
194 260 79
194 343 43
194 251 63
194 284 4
194 288 6
195 356 41
195 391 7
195 396 6
195 208 35
195 378 68
196 225 55
196 332 76
196 263 19
196 267 78
196 268 78
196 313 62
196 340 28
196 213 61
196 247 79
196 250 93
196 349 7
197 348 55
197 370 8
197 285 15
197 339 50
197 210 73
197 252 10
197 382 54
198 226 57
198 339 8
198 375 15
198 210 55
199 378 35
199 308 58
199 208 50
200 244 13
200 361 35
201 242 5
201 279 89
201 324 64
202 225 32
202 377 86
202 385 57
202 389 48
202 261 94
202 233 62
202 394 39
202 221 88
203 273 39
203 284 84
203 246 55
203 353 89
203 260 4
203 282 41
203 336 27
204 241 8
204 245 86
204 397 98
204 318 17
204 255 79
205 274 64
205 395 86
205 302 11
205 206 16
205 306 72
205 292 98
205 315 21
206 283 96
206 230 25
206 234 37
206 338 19
206 256 33
207 326 45
207 376 27
207 330 10
208 396 25
208 378 23
209 388 53
209 375 38
209 232 92
209 222 67
209 366 12
210 226 34
210 252 50
210 339 65
210 382 54
210 348 66
210 350 37
211 372 78
211 392 66
211 334 41
212 308 3
212 266 92
212 398 40
213 225 39
213 389 48
213 263 37
213 267 73
213 313 73
213 247 3
213 224 90
214 246 2
214 392 72
214 393 27
214 316 22
214 334 27
215 236 90
215 292 64
215 358 88
215 265 26
215 315 10
215 395 99
216 227 15
216 325 42
216 237 93
216 310 86
216 218 84
216 346 6
217 341 71
217 390 56
217 264 24
217 368 48
218 227 20
218 325 43
218 346 2
219 289 9
219 264 23
219 368 8
219 371 66
219 341 83
220 371 90
220 346 43
220 295 1
220 254 29
221 385 90
221 386 5
221 359 58
221 327 7
221 233 44
221 394 75
221 331 82
221 240 4
221 377 12
221 381 27
221 299 73
222 388 32
222 232 80
222 363 86
222 366 88
223 289 40
223 355 100
223 245 77
223 231 9
223 272 93
224 225 29
224 389 47
224 294 52
224 263 52
224 267 4
224 369 27
224 261 78
225 385 25
225 263 17
225 247 39
225 389 46
225 267 43
226 339 16
226 366 8
226 375 87
226 382 22
226 350 55
227 325 89
227 310 84
227 346 82
228 354 54
228 300 62
228 266 63
229 305 67
229 312 72
229 380 23
230 277 18
230 303 54
230 248 36
231 289 97
231 355 47
231 270 16
231 272 86
232 363 71
232 388 59
233 385 66
233 386 89
233 359 30
233 394 9
233 331 81
233 240 81
233 275 33
233 377 58
233 381 97
234 338 37
234 283 90
234 256 42
235 258 20
235 293 25
235 322 57
235 301 51
235 367 69
235 309 81
235 384 33
236 265 25
237 324 99
237 278 61
238 269 46
238 318 9
238 275 80
238 314 81
239 333 37
239 366 14
239 351 66
240 386 35
240 359 94
240 394 55
240 331 97
240 269 100
240 275 84
240 377 52
240 381 75
241 245 19
241 318 65
242 324 80
242 279 97
243 321 83
243 291 9
243 268 16
243 311 3
243 332 6
243 300 39
244 360 55
244 304 39
244 344 56
244 383 58
246 353 57
246 260 90
246 392 50
246 393 29
246 334 31
246 336 93
246 273 83
246 284 50
247 291 56
247 263 16
247 329 72
247 373 8
247 267 35
247 250 83
248 277 61
248 303 69
249 345 20
249 365 86
249 271 56
249 368 29
249 280 52
250 340 91
250 329 39
250 268 28
250 291 30
251 288 65
252 259 100
252 262 64
252 370 90
252 348 26
252 285 7
252 382 8
253 343 12
253 387 47
253 319 5
253 320 83
254 295 25
254 361 78
254 379 9
254 317 22
255 355 15
255 397 35
255 347 14
256 283 55
256 338 69
257 357 57
257 364 51
257 398 43
257 313 94
257 349 34
258 322 69
258 309 16
258 301 8
258 367 35
259 370 62
259 262 15
259 348 98
260 353 92
260 273 72
260 284 89
260 330 93
260 336 6
261 389 21
261 377 15
261 275 76
262 370 12
262 342 99
263 389 90
263 267 62
264 390 40
264 368 69
264 371 42
264 341 50
265 292 99
265 358 32
265 395 86
265 315 50
266 354 11
266 398 89
267 389 11
267 313 44
268 332 83
268 340 30
268 311 32
268 349 79
268 313 65
269 275 20
269 359 45
269 381 9
269 303 43
270 289 40
270 317 73
270 272 51
271 280 46
271 345 9
271 365 63
271 368 52
272 289 24
272 317 54
273 353 28
273 330 65
273 284 79
273 336 57
274 307 10
274 292 43
274 358 6
274 315 24
274 395 25
275 377 85
275 381 11
276 393 42
276 316 21
277 303 61
280 345 79
280 365 41
281 326 79
281 376 75
282 392 90
282 336 18
283 338 16
284 353 95
284 288 66
284 336 51
285 348 65
285 333 26
285 370 96
285 382 12
286 290 41
286 363 2
286 327 3
286 351 38
287 372 22
288 353 50
288 343 85
288 319 80
289 295 31
290 327 73
290 363 84
290 331 98
290 351 40
291 340 34
291 329 49
292 358 11
292 395 6
292 307 8
292 315 10
293 297 8
293 367 13
293 384 76
294 369 76
294 347 68
295 317 47
296 306 37
296 298 39
296 395 5
296 302 8
296 352 37
297 360 12
298 306 48
298 302 89
298 352 62
299 385 81
299 394 34
299 331 39
299 399 30
299 400 39
300 321 38
300 311 75
300 332 83
301 309 81
301 322 21
301 328 49
301 367 77
301 384 91
302 305 44
302 306 13
302 352 42
304 360 33
304 344 51
304 383 61
305 352 9
305 312 71
306 395 86
306 352 86
307 358 51
307 315 10
308 357 63
308 398 95
309 322 11
310 325 69
310 384 72
311 321 90
311 332 67
311 340 46
312 380 71
312 352 81
313 340 12
313 332 43
313 349 56
314 318 32
315 358 41
315 395 1
316 393 90
316 362 7
317 391 46
317 361 27
317 379 17
319 343 75
319 320 98
320 343 68
320 387 18
325 384 4
326 376 83
326 330 73
327 386 45
327 394 10
327 400 51
327 331 85
327 351 68
328 384 33
329 373 96
330 376 92
331 386 35
331 394 47
331 359 5
331 381 30
332 340 89
332 349 28
334 392 19
334 393 42
335 337 6
335 356 64
335 357 80
335 364 78
336 353 30
337 364 40
339 375 99
339 366 39
339 382 29
339 350 23
340 349 3
341 371 36
341 390 84
341 368 30
342 370 76
342 358 34
344 360 50
344 383 26
345 365 27
347 369 52
347 355 42
347 397 3
348 370 96
348 382 23
350 382 48
350 375 96
350 366 78
351 388 97
351 363 33
355 397 25
356 378 42
356 396 24
357 364 3
357 398 91
359 386 68
359 394 17
359 381 20
360 383 67
361 379 16
363 388 28
364 398 14
366 388 16
366 375 51
367 384 94
368 390 29
368 371 99
370 382 31
371 390 87
373 385 25
373 399 44
377 385 93
377 386 64
377 389 13
377 394 89
377 381 66
378 396 41
379 391 63
379 396 24
381 386 12
381 394 27
386 394 29
391 396 51
399 400 50
10
1
1
1 2
1 2 3 4
1 2 3 4 5 6 7
1 2 3 4 5 6 7 8 9 10 11 12 13
1 2 3 4 5 6 7 8 9 10 11 12 13 14 15 16 17 18 19 20 21 22 23 24 25
1 2 3 4 5 6 7 8 9 10 11 12 13 14 15 16 17 18 19 20 21 22 23 24 25 26 27 28 29 30 31 32 33 34 35 36 37 38 39 40 41 42 43 44 45 46 47 48 49 50
1 2 3 4 5 6 7 8 9 10 11 12 13 14 15 16 17 18 19 20 21 22 23 24 25 26 27 28 29 30 31 32 33 34 35 36 37 38 39 40 41 42 43 44 45 46 47 48 49 50 51 52 53 54 55 56 57 58 59 60 61 62 63 64 65 66 67 68 69 70 71 72 73 74 75 76 77 78 79 80 81 82 83 84 85 86 87 88 89 90 91 92 93 94 95 96 97 98 99 100
1 2 3 4 5 6 7 8 9 10 11 12 13 14 15 16 17 18 19 20 21 22 23 24 25 26 27 28 29 30 31 32 33 34 35 36 37 38 39 40 41 42 43 44 45 46 47 48 49 50 51 52 53 54 55 56 57 58 59 60 61 62 63 64 65 66 67 68 69 70 71 72 73 74 75 76 77 78 79 80 81 82 83 84 85 86 87 88 89 90 91 92 93 94 95 96 97 98 99 100 101 102 103 104 105 106 107 108 109 110 111 112 113 114 115 116 117 118 119 120 121 122 123 124 125 126 127 128 129 130 131 132 133 134 135 136 137 138 139 140 141 142 143 144 145 146 147 148 149 150 151 152 153 154 155 156 157 158 159 160 161 162 163 164 165 166 167 168 169 170 171 172 173 174 175 176 177 178 179 180 181 182 183 184 185 186 187 188 189 190 191 192 193 194 195 196 197 198 199 200
