2237
1 161 17
1 204 64
1 150 4
1 279 13
1 393 96
1 202 80
1 380 33
1 14 7
1 382 42
1 400 37
2 130 81
2 83 49
2 294 37
2 66 61
2 114 85
2 146 29
2 27 38
2 226 29
2 350 45
2 79 42
2 384 35
3 369 82
3 195 24
3 261 6
3 38 8
3 359 33
3 184 42
3 255 7
4 17 3
4 258 92
4 80 34
4 293 35
4 391 53
4 377 46
4 122 73
4 379 36
4 108 4
4 253 70
4 96 19
5 369 70
5 210 23
5 355 83
5 261 47
5 247 39
5 195 4
6 129 2
6 389 4
6 50 71
6 135 49
6 104 59
6 137 28
6 308 83
6 139 93
6 120 17
6 109 75
6 306 99
6 52 96
6 344 17
6 185 81
6 170 27
6 203 7
7 49 34
7 289 48
7 243 26
7 116 97
7 330 3
7 273 57
7 106 13
7 43 25
7 48 48
7 383 63
7 64 21
8 65 78
8 34 26
8 306 38
8 100 60
8 389 46
8 338 67
8 137 11
8 266 24
8 290 65
8 398 34
8 178 36
8 302 85
8 82 24
8 373 9
8 246 84
8 250 78
8 313 83
8 90 32
8 297 90
9 35 71
9 236 6
9 70 18
9 295 75
9 163 12
9 73 36
9 46 74
9 77 55
9 323 36
9 318 79
9 174 37
9 86 29
9 94 64
10 353 27
10 393 82
10 51 40
10 23 84
10 265 36
10 400 95
10 334 41
10 223 54
10 240 55
11 131 48
11 303 8
11 165 40
11 166 24
11 392 63
11 104 92
11 158 91
11 399 10
11 278 83
12 89 50
12 349 94
12 365 20
12 351 85
13 97 1
13 354 20
13 260 12
13 37 28
13 201 55
13 251 92
13 156 18
13 285 20
13 254 51
13 15 75
13 176 9
14 161 96
14 244 8
14 24 30
14 202 25
14 235 17
14 204 88
14 382 30
14 111 86
15 354 48
15 260 47
15 37 98
15 312 46
15 363 22
15 156 83
15 285 54
15 251 71
15 254 54
16 323 4
16 360 95
16 41 78
16 77 52
16 366 18
16 94 80
16 105 30
16 86 11
16 249 26
16 346 18
16 60 9
16 318 73
17 258 82
17 197 10
17 391 66
17 325 71
17 317 86
17 108 80
17 122 69
17 377 2
17 293 4
17 253 59
17 320 35
18 386 14
18 387 18
18 69 54
18 119 20
18 328 76
18 394 69
18 168 72
18 322 89
18 113 97
18 374 65
18 375 93
18 57 33
18 347 69
18 63 92
19 225 55
19 227 20
19 229 91
19 21 15
19 75 3
19 47 9
19 304 56
20 321 18
20 36 89
20 325 38
20 263 83
20 233 79
20 331 5
20 141 30
20 78 84
20 201 98
20 180 83
20 317 87
20 320 55
21 179 33
21 181 47
21 102 12
21 151 46
21 229 65
21 267 12
21 268 15
21 93 95
21 227 90
21 47 71
22 370 44
22 232 31
22 146 40
22 300 39
22 157 57
22 143 3
22 192 89
23 393 77
23 51 4
23 265 27
23 348 54
23 61 78
23 334 87
23 207 61
23 240 67
24 81 58
24 83 29
24 244 71
24 39 24
24 202 97
24 219 25
24 365 15
24 111 64
24 384 1
25 369 62
25 210 60
25 355 12
25 247 93
25 136 53
25 330 74
25 124 6
25 301 30
25 335 83
25 64 48
26 199 3
26 292 96
26 357 20
26 167 10
26 231 77
26 329 7
26 286 24
26 281 23
26 84 99
26 54 21
26 311 46
26 217 8
26 153 67
26 208 21
26 126 63
26 128 67
27 226 22
27 294 28
27 130 83
27 79 70
27 80 83
27 114 5
27 83 78
27 154 3
27 350 35
27 351 16
27 230 32
28 193 88
28 164 8
28 357 36
28 103 21
28 234 46
28 42 80
28 110 75
28 311 55
28 186 49
28 153 34
28 282 100
28 224 12
28 125 68
28 126 95
28 287 56
28 288 63
29 305 5
29 163 23
29 101 93
29 327 33
29 298 34
29 107 87
29 205 18
29 259 29
29 367 51
29 62 18
29 337 89
29 274 66
29 147 24
29 340 90
29 56 69
29 345 21
29 283 50
29 381 40
29 209 42
29 160 94
30 211 62
30 148 32
30 87 96
30 58 91
30 67 100
30 159 88
30 142 73
31 307 84
31 68 56
31 245 78
31 390 87
31 189 54
31 227 78
32 280 27
32 121 79
32 212 87
32 41 13
32 44 14
32 40 41
32 73 36
32 346 74
32 236 100
32 77 41
32 94 13
33 145 59
33 98 3
34 65 93
34 290 85
34 99 34
34 100 28
34 338 75
34 82 16
34 297 97
34 266 2
34 178 19
34 398 31
34 239 60
34 302 76
34 306 12
34 373 20
34 246 84
34 250 91
34 332 52
34 188 20
34 342 37
35 259 6
35 70 62
35 295 42
35 236 19
35 77 85
35 270 61
35 334 71
35 73 80
35 212 55
35 280 39
35 381 14
36 321 25
36 263 33
36 233 16
36 141 67
36 331 10
36 317 54
36 45 50
36 78 81
36 320 22
37 354 34
37 260 17
37 201 6
37 363 37
37 176 94
37 241 17
37 251 76
37 156 34
37 285 45
37 254 22
38 341 17
38 255 75
38 359 98
38 184 44
38 218 53
38 58 6
38 159 79
38 191 67
39 81 49
39 349 18
39 219 66
39 365 55
40 212 36
40 182 80
40 215 70
40 280 86
40 121 87
40 44 9
40 173 61
40 256 40
41 323 24
41 360 85
41 73 42
41 236 45
41 77 52
41 366 38
41 94 47
41 105 66
41 86 36
41 280 61
41 249 33
41 346 52
41 60 7
41 318 67
42 193 22
42 164 82
42 357 49
42 103 26
42 234 12
42 364 49
42 368 11
42 287 76
42 311 36
42 282 45
42 316 61
42 125 5
42 186 13
42 224 60
43 289 69
43 49 86
43 132 57
43 106 64
43 48 98
43 273 6
43 243 63
43 116 73
43 123 47
43 383 36
43 64 5
44 212 1
44 280 57
44 121 22
44 256 87
45 258 24
45 197 11
45 317 66
45 293 4
45 331 14
45 141 92
45 320 79
46 323 41
46 70 14
46 105 43
46 236 96
46 77 2
46 94 54
46 86 25
46 249 59
46 346 86
46 318 42
46 73 97
47 162 46
47 181 38
47 229 43
47 102 46
47 151 60
47 267 25
47 268 97
47 93 44
47 179 62
48 289 55
48 49 79
48 243 27
48 116 18
48 119 4
48 273 20
48 299 85
48 383 90
48 123 73
49 289 59
49 273 64
49 243 52
49 116 80
49 132 38
49 106 4
49 64 39
49 383 33
50 385 68
50 389 73
50 135 99
50 136 93
50 330 10
50 203 69
50 120 59
50 109 74
50 206 47
50 52 53
50 118 58
50 55 64
50 301 95
50 185 36
50 170 86
50 139 30
51 353 80
51 265 34
51 56 41
51 393 26
51 240 14
51 334 39
51 144 41
52 129 94
52 385 50
52 389 70
52 135 52
52 136 28
52 137 92
52 170 77
52 139 84
52 120 29
52 301 51
52 308 34
52 118 35
52 109 10
52 330 85
52 313 79
52 203 21
53 371 12
53 276 84
53 117 59
53 134 60
53 248 77
53 309 3
53 149 55
53 237 36
53 222 89
54 84 90
54 167 62
54 231 69
54 310 71
54 110 74
54 126 41
55 385 9
55 88 66
55 72 28
55 170 26
55 203 95
55 120 3
55 206 21
55 341 90
55 191 64
55 184 35
55 185 81
55 58 59
55 218 95
55 255 66
56 353 2
56 337 67
56 259 28
56 101 85
56 327 37
56 381 38
56 107 97
56 305 96
56 270 40
56 367 5
56 334 35
56 209 90
56 340 27
56 380 29
56 144 31
57 386 98
57 328 83
57 69 29
57 134 60
57 168 62
57 76 42
57 237 49
57 387 97
57 113 55
57 119 61
57 276 99
57 117 7
57 374 80
57 375 58
57 248 18
57 371 87
57 309 2
57 222 56
57 63 62
58 211 33
58 341 49
58 255 85
58 159 36
58 218 15
58 72 80
58 142 5
58 191 7
59 354 37
59 245 59
59 198 19
59 187 87
59 396 41
59 254 37
59 390 68
60 105 44
60 85 9
60 360 6
60 366 9
60 127 50
61 348 63
61 213 89
61 183 15
61 265 75
61 284 78
61 207 61
61 240 40
62 209 30
62 163 76
62 327 83
62 107 86
62 205 78
62 367 58
62 305 75
62 147 59
62 340 87
62 345 35
62 160 15
63 386 2
63 387 64
63 199 91
63 322 66
63 394 90
63 275 31
63 276 1
63 153 73
63 347 94
63 286 97
63 224 44
63 292 26
63 296 84
63 328 25
63 222 74
63 113 33
63 371 13
63 374 42
63 375 56
63 248 62
63 186 94
63 190 87
64 388 63
64 330 2
64 335 69
64 273 87
64 243 16
64 116 3
64 106 87
64 252 42
64 383 11
65 99 90
65 100 67
65 297 18
65 266 73
65 332 24
65 178 68
65 356 52
65 373 92
65 342 69
65 183 7
65 188 43
65 246 46
66 130 34
66 325 36
66 294 55
66 200 92
66 233 63
66 114 16
66 169 38
66 180 78
66 216 3
66 154 55
66 350 64
66 230 97
67 148 5
67 326 96
67 142 94
68 307 66
68 245 4
68 390 82
68 312 43
68 189 10
69 386 13
69 387 83
69 375 7
69 328 26
69 299 4
69 168 87
69 237 36
69 113 2
69 115 70
69 117 27
69 119 16
69 248 76
69 123 37
69 134 77
70 323 30
70 295 31
70 73 52
70 236 62
70 77 4
70 94 70
70 86 15
70 346 19
70 318 2
71 177 42
71 388 43
71 133 40
71 214 70
71 171 5
71 252 51
71 319 73
71 112 46
72 385 28
72 120 54
72 142 48
72 341 97
72 255 58
72 88 93
72 185 24
72 218 93
72 155 97
72 191 97
73 280 6
73 295 81
73 236 21
73 77 49
73 323 42
73 94 18
73 86 61
73 346 94
73 105 60
73 318 4
74 257 89
74 274 88
74 339 39
74 279 11
74 298 29
74 314 3
74 283 16
74 380 6
74 269 91
74 238 25
75 225 26
75 117 87
75 134 47
75 123 71
75 299 52
75 115 2
75 271 66
75 304 17
76 292 49
76 199 33
76 296 80
76 152 31
76 237 25
76 275 97
76 222 9
76 371 28
76 276 5
76 149 49
76 374 45
76 248 97
76 217 9
76 309 32
76 286 95
77 318 56
77 236 17
77 323 51
77 86 26
77 280 60
77 249 100
77 346 6
77 94 67
77 105 65
78 325 80
78 263 41
78 200 19
78 169 45
78 331 76
78 140 45
78 141 40
78 233 37
78 180 43
78 216 55
78 201 35
79 83 79
79 294 40
79 114 7
79 130 84
79 154 19
79 226 71
79 350 8
79 351 32
79 230 42
80 230 19
80 391 78
80 108 84
80 89 21
80 122 29
80 377 37
80 154 25
80 379 85
80 253 66
80 351 61
81 365 69
81 219 55
81 349 60
81 111 91
82 100 67
82 290 62
82 297 48
82 266 60
82 239 44
82 306 53
82 373 13
82 246 23
82 250 10
82 315 85
83 226 57
83 130 1
83 365 1
83 349 72
83 384 76
84 167 15
84 310 52
84 231 63
84 110 59
84 126 16
84 128 36
85 366 83
85 127 52
85 336 87
86 323 15
86 105 5
86 236 91
86 318 100
86 249 57
86 346 68
86 94 95
87 211 48
87 148 65
87 142 57
88 385 71
88 120 56
88 185 94
88 218 79
88 139 78
88 155 63
88 170 80
89 230 62
89 377 41
89 379 19
89 351 60
90 289 20
90 132 33
90 389 41
90 135 66
90 361 83
90 362 75
90 332 52
90 302 79
90 338 3
90 398 28
90 178 92
90 271 93
90 277 19
90 246 67
90 313 59
90 137 98
91 363 100
91 172 15
91 196 94
92 281 65
92 343 52
92 264 66
92 329 45
92 221 64
92 220 9
92 397 45
92 152 81
92 95 62
92 208 11
93 179 55
93 229 66
93 151 87
93 181 1
93 267 63
93 227 23
94 323 56
94 360 13
94 105 18
94 236 94
94 249 76
94 346 61
94 318 97
95 172 81
95 343 50
95 264 18
95 397 10
95 221 20
95 220 67
96 377 77
96 379 42
96 108 76
96 258 65
97 321 67
97 263 44
97 201 93
97 156 19
97 285 37
97 176 1
98 145 23
98 205 4
99 162 58
99 356 80
99 373 74
99 342 3
99 178 28
99 332 24
99 188 72
99 246 45
100 290 76
100 306 15
100 297 40
100 178 71
100 398 67
100 338 82
100 302 55
100 373 82
100 239 79
100 266 95
100 250 44
100 246 78
101 353 31
101 337 60
101 163 14
101 295 54
101 327 52
101 259 22
101 209 22
101 334 82
101 367 44
101 144 25
101 305 61
101 340 49
101 270 65
101 381 83
101 107 21
102 162 88
102 179 4
102 228 30
102 151 88
102 181 42
102 267 5
102 268 54
103 164 65
103 357 51
103 234 89
103 394 49
103 368 40
103 190 31
103 311 60
103 186 26
103 153 89
103 282 96
103 125 16
103 126 59
103 287 7
103 224 46
104 129 5
104 166 71
104 308 12
104 399 21
104 392 76
104 344 32
104 139 20
104 303 85
104 272 14
105 323 88
105 360 66
105 366 6
105 249 71
105 346 79
105 318 33
106 289 53
106 132 51
106 135 42
106 330 95
106 109 70
106 243 29
106 116 83
106 118 42
106 301 14
106 313 25
106 362 11
107 305 1
107 327 17
107 269 32
107 340 94
107 209 85
107 238 74
107 367 34
107 144 16
107 337 89
107 274 74
107 147 94
107 372 25
107 314 13
107 283 95
107 298 92
107 160 94
108 258 27
108 293 92
108 391 12
108 325 22
108 317 89
108 197 31
108 377 56
108 122 22
108 253 47
109 389 82
109 135 19
109 137 29
109 330 8
109 203 81
109 136 46
109 301 54
109 302 43
109 338 25
109 118 53
109 313 32
109 170 91
110 193 86
110 164 14
110 357 50
110 311 54
110 358 76
110 234 44
110 126 14
110 288 45
111 244 22
111 262 53
111 202 97
111 219 82
112 273 14
112 242 73
112 388 73
112 133 32
112 214 39
112 177 14
112 171 25
112 252 37
112 319 87
113 322 20
113 387 49
113 119 25
113 168 12
113 394 24
113 328 47
113 386 33
113 374 29
113 375 55
113 347 40
114 130 29
114 294 5
114 226 17
114 146 34
114 232 8
114 350 1
114 192 64
115 134 34
115 117 2
115 119 86
115 299 16
115 123 13
115 304 49
116 289 91
116 132 98
116 273 41
116 243 85
116 119 50
116 383 16
117 386 23
117 387 29
117 134 69
117 168 21
117 237 26
117 119 6
117 149 78
117 123 36
117 299 54
118 389 31
118 301 11
118 135 95
118 136 79
118 137 54
118 170 24
118 203 94
118 302 69
118 335 99
118 338 72
118 330 5
118 313 86
118 362 17
119 386 72
119 387 24
119 134 33
119 328 24
119 299 44
119 168 4
119 273 36
119 375 96
119 123 91
119 383 13
120 385 31
120 170 64
120 203 2
120 206 11
120 185 73
120 218 33
120 155 62
120 139 21
121 280 22
121 212 33
121 348 28
121 256 74
122 258 80
122 293 81
122 391 69
122 233 24
122 253 75
122 169 44
122 154 57
122 377 89
122 325 62
122 317 98
122 320 21
123 289 94
123 134 20
123 168 99
123 304 77
123 299 71
123 383 22
124 369 14
124 210 20
124 355 75
124 247 23
124 359 8
124 136 16
124 195 46
124 184 51
124 206 27
124 335 89
125 164 50
125 357 42
125 394 63
125 364 53
125 368 40
125 214 82
125 186 67
125 316 78
125 282 39
125 287 19
125 224 16
126 193 94
126 357 38
126 167 55
126 234 50
126 311 73
126 153 46
126 288 42
127 182 52
127 215 15
127 173 12
127 366 98
127 158 48
128 292 17
128 231 78
128 199 52
128 329 60
128 208 22
128 153 77
128 343 14
128 217 64
128 221 2
128 281 84
128 167 75
129 306 62
129 389 83
129 344 35
129 137 24
129 308 3
129 139 34
129 399 76
129 166 88
130 226 7
130 294 37
130 154 35
130 350 70
130 230 26
131 165 42
131 278 2
131 376 30
131 392 14
131 303 64
131 336 92
132 289 33
132 361 43
132 271 70
132 243 98
132 277 49
132 362 39
132 313 55
133 177 19
133 322 51
133 214 46
133 328 20
133 394 72
133 347 43
133 368 53
133 171 70
133 319 32
134 386 4
134 387 70
134 168 14
134 299 65
134 237 67
134 149 92
135 389 58
135 136 13
135 137 65
135 330 71
135 203 56
135 302 26
135 338 9
135 301 2
135 313 33
135 170 89
135 362 23
136 385 11
136 170 72
136 203 51
136 301 10
136 335 25
136 330 93
137 389 21
137 338 10
137 302 77
137 398 65
137 306 50
137 308 70
137 313 87
138 166 79
138 324 70
138 165 52
138 326 37
138 376 61
138 272 54
138 333 1
138 278 65
139 385 28
139 308 75
139 203 95
139 272 53
139 185 66
139 170 21
139 155 21
140 180 63
140 198 94
140 216 17
140 233 46
140 395 66
140 200 83
140 396 64
140 187 96
141 321 86
141 263 49
141 233 71
141 331 5
141 317 15
141 320 64
142 211 65
142 148 90
142 341 19
142 159 54
143 146 1
143 198 46
143 370 34
143 395 43
143 300 95
143 232 79
143 192 84
144 353 87
144 337 6
144 259 44
144 270 99
144 367 94
144 334 4
144 209 2
144 340 6
144 279 91
144 380 85
144 381 29
145 175 8
146 294 52
146 200 56
146 395 50
146 300 71
146 216 81
146 192 60
146 350 34
146 232 99
147 340 88
147 209 23
147 298 55
147 269 39
147 238 54
147 367 36
147 305 92
147 274 5
147 372 3
147 205 51
147 314 86
147 283 57
147 160 85
148 211 2
149 371 66
149 309 29
149 248 26
149 276 71
149 307 79
149 237 49
149 222 76
150 353 61
150 161 62
150 339 89
150 204 64
150 279 2
150 202 34
150 380 62
150 382 54
151 370 60
151 179 3
151 181 18
151 229 43
151 267 14
151 227 77
152 220 96
152 296 78
152 397 62
152 275 23
152 217 15
152 371 20
152 276 56
152 309 100
152 343 6
152 281 29
152 221 79
153 199 11
153 292 47
153 357 26
153 231 24
153 224 89
153 329 45
153 296 14
153 208 9
153 286 51
153 275 49
153 311 75
153 186 14
153 217 6
153 190 40
154 325 73
154 294 59
154 391 93
154 226 32
154 169 45
154 253 38
154 350 21
154 230 35
155 166 24
155 185 56
155 272 54
156 241 86
156 260 4
156 378 34
156 251 29
156 285 97
156 176 52
157 370 25
157 179 16
157 232 32
157 235 65
157 352 100
157 192 89
158 182 80
158 215 86
158 392 28
158 315 4
158 173 46
158 303 50
159 211 79
159 341 34
160 298 55
160 372 27
160 269 84
160 238 49
160 367 34
160 274 29
160 340 29
160 314 93
160 283 31
161 353 92
161 380 91
161 400 47
161 279 7
161 393 83
161 202 28
161 204 5
161 382 12
162 228 66
162 181 22
162 183 59
162 356 36
162 188 47
162 268 39
162 342 62
163 209 23
163 259 96
163 327 50
163 381 6
163 270 41
163 367 3
163 305 74
163 337 66
163 174 35
163 340 69
163 345 98
164 193 41
164 357 32
164 234 53
164 311 27
164 282 48
164 287 18
164 288 35
165 324 35
165 278 78
165 376 100
165 333 6
166 308 63
166 303 75
166 344 53
166 392 71
166 399 98
166 272 15
167 310 100
167 231 77
167 329 55
167 208 61
168 386 27
168 387 72
168 328 54
168 322 49
168 374 36
168 375 69
168 248 70
168 347 52
169 325 55
169 294 75
169 391 74
169 200 84
169 233 27
169 253 99
169 180 59
169 216 27
169 317 90
170 385 77
170 206 62
170 185 80
170 203 49
171 177 76
171 291 88
171 388 16
171 214 89
171 252 83
171 319 82
172 363 25
172 196 19
172 397 75
173 182 74
173 215 64
173 256 37
174 305 55
174 327 75
174 345 8
174 175 2
176 321 3
176 260 83
176 201 10
176 285 61
177 322 26
177 364 27
177 214 36
177 316 57
177 347 13
177 319 91
177 368 91
178 306 58
178 297 47
178 266 30
178 332 98
178 398 2
178 302 5
178 338 18
178 373 2
178 246 13
178 188 37
178 342 86
179 370 38
179 181 70
179 267 8
180 325 83
180 294 8
180 216 48
180 233 64
180 200 15
181 267 15
181 268 6
182 215 94
182 256 57
183 228 59
183 213 34
183 342 38
183 356 65
183 284 32
183 207 87
184 369 69
184 255 15
184 218 18
184 359 3
184 206 44
184 191 89
185 385 72
185 203 45
186 322 79
186 357 77
186 368 71
186 286 95
186 311 73
186 394 43
186 347 9
186 190 8
186 224 32
187 396 93
187 198 56
187 216 88
187 254 34
188 356 61
188 373 40
188 342 81
188 332 26
188 268 84
189 227 43
189 245 5
189 390 81
189 307 20
190 292 89
190 357 9
190 199 82
190 394 68
190 275 46
190 374 32
190 311 54
190 217 41
190 375 99
190 286 17
190 224 33
191 385 25
191 359 88
191 341 37
191 218 32
191 206 9
191 255 45
192 232 28
192 235 70
192 300 62
192 370 96
193 234 28
193 282 98
193 287 43
193 288 48
194 393 59
194 265 40
194 228 39
194 223 6
194 400 33
195 369 41
195 210 50
195 247 78
195 261 45
195 355 39
196 363 6
197 258 34
197 293 44
197 317 15
197 320 42
198 216 44
198 200 7
198 396 36
198 395 47
199 292 32
199 231 36
199 296 8
199 329 70
199 275 62
199 222 51
199 281 40
199 371 90
199 286 49
199 374 48
199 343 56
199 248 33
199 217 86
199 208 41
200 325 66
200 233 95
200 395 85
200 216 98
200 350 71
200 294 9
201 321 66
201 263 33
201 285 55
202 244 76
202 235 63
202 204 17
202 382 34
203 385 38
203 389 14
203 301 56
204 393 90
204 400 18
204 382 22
205 305 85
205 340 64
205 345 32
205 367 92
206 385 93
206 218 85
206 255 26
206 359 7
207 284 49
207 213 99
207 265 52
207 348 56
207 240 20
208 231 38
208 292 5
208 329 46
208 217 76
208 343 26
208 221 67
208 281 52
209 337 19
209 259 65
209 327 94
209 367 11
209 270 99
209 305 49
209 340 48
209 345 49
209 381 60
210 369 98
210 242 5
210 355 92
210 359 50
210 247 26
210 261 5
212 236 94
212 295 4
212 280 87
212 256 77
213 356 52
213 348 86
213 284 99
214 322 6
214 394 30
214 364 85
214 368 53
214 347 36
214 316 8
214 319 29
215 315 86
215 256 86
216 325 30
216 294 65
216 233 16
216 395 68
216 350 80
217 292 18
217 231 88
217 296 9
217 329 6
217 222 63
217 275 65
217 281 40
217 371 19
217 276 25
217 374 21
217 343 31
217 248 71
217 286 34
218 385 22
218 341 28
218 255 12
219 257 26
219 244 3
219 262 59
220 264 6
220 343 82
220 281 38
220 221 47
220 397 2
221 231 84
221 264 39
221 329 89
221 397 63
221 343 5
221 281 14
222 386 91
222 387 83
222 292 42
222 296 62
222 237 29
222 275 24
222 371 48
222 276 79
222 374 83
222 375 76
222 248 47
222 309 43
222 286 6
223 393 6
223 228 96
223 265 37
223 400 95
224 357 18
224 394 17
224 286 7
224 368 62
224 311 98
224 287 16
225 229 68
225 304 44
226 294 90
226 351 38
226 350 40
226 230 48
227 229 62
227 267 47
228 356 31
228 265 52
228 268 19
229 267 32
230 294 10
230 253 55
230 350 37
230 351 42
231 329 89
231 343 9
231 281 31
232 370 35
232 395 57
232 300 38
233 325 66
233 331 64
233 317 22
233 320 74
234 357 80
234 311 47
234 282 70
234 287 7
234 288 100
235 400 100
235 382 83
235 352 61
236 323 62
236 295 19
236 280 98
236 346 13
236 318 52
237 309 72
237 371 4
237 276 20
237 248 94
238 274 11
238 339 23
238 372 40
238 314 78
238 283 11
238 298 58
238 269 86
239 290 53
239 373 37
239 297 77
239 266 75
239 315 82
239 284 82
239 250 38
240 393 8
240 265 58
240 348 73
240 334 80
241 260 28
241 378 78
241 251 10
241 285 100
241 363 74
242 355 76
242 388 40
242 247 98
242 252 92
243 289 93
243 301 58
243 273 7
243 330 81
243 383 10
244 384 22
244 382 78
245 354 71
245 307 27
245 390 40
245 312 90
245 396 51
245 254 99
246 290 52
246 306 100
246 297 84
246 266 74
246 332 6
246 398 49
246 338 12
246 302 42
246 373 32
246 250 96
247 369 22
247 359 56
247 261 67
247 355 45
247 335 5
248 386 41
248 387 11
248 275 12
248 276 35
248 292 67
248 296 46
248 286 20
248 371 1
248 309 57
248 374 45
248 375 93
249 323 91
249 360 48
249 346 92
249 318 78
250 290 32
250 297 98
250 266 75
250 306 96
250 373 37
250 344 56
250 315 47
251 354 29
251 260 63
251 285 47
251 378 94
251 363 5
251 254 89
252 273 77
252 388 34
253 377 26
253 325 26
253 391 65
254 354 28
254 260 92
254 390 66
254 396 82
254 312 77
255 385 95
255 359 40
255 341 23
256 348 23
256 315 95
256 284 49
257 339 21
257 262 11
258 293 15
258 391 62
259 305 97
259 327 6
259 295 8
259 381 88
259 270 9
259 367 39
259 337 61
259 340 92
259 334 21
260 354 71
260 363 36
260 378 93
260 285 3
261 369 74
261 355 39
262 339 87
263 321 89
263 317 29
263 331 67
263 320 34
264 343 50
264 281 38
264 397 54
265 393 16
265 400 87
265 348 40
266 290 76
266 306 91
266 297 47
266 398 14
266 373 33
266 315 11
267 370 5
268 342 59
268 356 2
269 372 23
269 339 15
269 367 27
269 274 46
269 340 16
269 279 61
269 298 49
269 314 73
269 283 67
269 380 55
270 327 41
270 295 3
270 334 11
270 305 78
270 337 48
270 381 48
271 289 75
271 277 11
271 362 69
271 361 4
271 299 44
271 304 70
272 324 30
272 333 1
272 399 30
273 383 25
274 372 74
274 367 9
274 339 91
274 340 9
274 298 40
274 314 81
274 283 67
275 292 71
275 296 55
275 286 45
275 371 62
275 276 94
275 309 74
275 374 19
276 292 60
276 296 89
276 286 1
276 371 71
276 374 45
276 309 5
277 289 23
277 313 83
277 338 3
277 362 26
277 361 91
277 332 36
277 302 7
278 324 20
278 392 42
278 376 27
278 333 48
278 303 97
279 339 84
279 353 71
279 314 74
279 380 22
280 295 83
280 346 13
281 292 3
281 329 70
281 296 1
281 397 48
281 343 19
282 316 37
282 364 70
282 287 13
283 340 100
283 367 49
283 372 74
283 298 65
283 314 42
283 339 40
284 297 97
284 315 36
284 348 42
286 292 38
286 296 54
286 394 54
286 371 86
286 374 24
286 375 39
287 357 26
287 288 23
287 311 77
287 316 35
288 357 44
288 358 17
288 311 30
289 361 22
289 362 64
289 383 32
290 297 93
290 306 81
290 373 4
290 344 75
290 315 74
291 319 84
292 296 37
292 329 71
292 371 8
292 374 23
293 391 45
293 317 87
293 320 66
294 350 5
295 334 76
295 381 39
296 371 28
296 309 37
296 374 9
296 343 18
297 356 37
297 373 20
297 315 30
298 372 49
298 367 67
298 339 54
298 340 95
298 314 1
299 304 28
300 395 24
300 370 3
301 389 23
301 335 67
301 330 73
301 313 7
302 361 80
302 306 32
302 389 39
302 398 89
302 338 14
302 373 18
302 362 15
302 313 94
303 392 71
303 399 7
305 337 94
305 327 42
305 381 37
305 367 28
305 340 2
305 345 45
306 344 87
306 389 7
306 398 48
306 338 18
306 308 27
307 390 54
307 312 98
308 389 37
308 344 17
308 399 77
309 371 66
309 374 54
311 357 61
312 354 38
312 390 99
313 389 91
313 362 94
313 338 1
313 398 73
313 361 24
313 330 3
314 372 83
314 380 77
314 339 27
316 364 12
316 319 55
316 368 15
317 391 33
317 331 61
317 325 89
317 320 53
318 323 9
318 360 76
318 346 40
319 364 74
319 368 85
320 325 53
320 331 46
322 386 50
322 387 96
322 394 25
322 328 100
322 368 43
322 375 69
322 347 67
323 360 50
323 346 61
324 326 65
324 376 19
324 333 18
325 391 9
325 331 82
326 333 67
326 376 94
327 367 98
327 337 53
327 340 68
327 345 82
327 381 23
328 387 76
328 375 19
328 394 73
328 386 15
328 347 90
329 343 11
330 389 13
330 335 58
332 373 24
332 342 45
332 361 66
333 376 33
334 353 39
334 337 38
334 381 10
337 353 7
337 381 59
337 367 84
337 340 91
338 389 85
338 361 89
338 362 98
338 398 31
339 380 50
340 345 57
340 367 19
340 381 47
342 373 83
342 356 1
343 397 32
344 399 49
345 367 58
346 360 64
346 366 1
347 386 73
347 387 6
347 394 26
347 368 18
347 375 50
349 365 93
349 351 20
352 400 40
353 393 23
353 380 4
354 363 28
354 390 99
355 369 7
356 373 40
359 369 85
360 366 61
361 362 89
362 389 64
362 398 81
363 378 61
364 368 69
367 381 9
368 394 61
371 374 93
371 375 99
373 398 22
374 386 10
374 387 86
374 394 26
374 375 39
375 387 46
375 394 40
375 386 69
377 391 60
377 379 51
382 400 37
386 387 56
387 394 1
389 398 77
392 399 91
393 400 51
395 396 86
10
1
1
1 2
1 2 3 4
1 2 3 4 5 6 7
1 2 3 4 5 6 7 8 9 10 11 12 13
1 2 3 4 5 6 7 8 9 10 11 12 13 14 15 16 17 18 19 20 21 22 23 24 25
1 2 3 4 5 6 7 8 9 10 11 12 13 14 15 16 17 18 19 20 21 22 23 24 25 26 27 28 29 30 31 32 33 34 35 36 37 38 39 40 41 42 43 44 45 46 47 48 49 50
1 2 3 4 5 6 7 8 9 10 11 12 13 14 15 16 17 18 19 20 21 22 23 24 25 26 27 28 29 30 31 32 33 34 35 36 37 38 39 40 41 42 43 44 45 46 47 48 49 50 51 52 53 54 55 56 57 58 59 60 61 62 63 64 65 66 67 68 69 70 71 72 73 74 75 76 77 78 79 80 81 82 83 84 85 86 87 88 89 90 91 92 93 94 95 96 97 98 99 100
1 2 3 4 5 6 7 8 9 10 11 12 13 14 15 16 17 18 19 20 21 22 23 24 25 26 27 28 29 30 31 32 33 34 35 36 37 38 39 40 41 42 43 44 45 46 47 48 49 50 51 52 53 54 55 56 57 58 59 60 61 62 63 64 65 66 67 68 69 70 71 72 73 74 75 76 77 78 79 80 81 82 83 84 85 86 87 88 89 90 91 92 93 94 95 96 97 98 99 100 101 102 103 104 105 106 107 108 109 110 111 112 113 114 115 116 117 118 119 120 121 122 123 124 125 126 127 128 129 130 131 132 133 134 135 136 137 138 139 140 141 142 143 144 145 146 147 148 149 150 151 152 153 154 155 156 157 158 159 160 161 162 163 164 165 166 167 168 169 170 171 172 173 174 175 176 177 178 179 180 181 182 183 184 185 186 187 188 189 190 191 192 193 194 195 196 197 198 199 200
