2491
1 65 88
1 296 78
1 68 99
1 388 14
1 309 52
1 244 1
1 76 83
1 397 27
1 367 69
1 272 28
1 401 19
1 83 48
1 212 36
1 277 34
1 111 22
1 154 47
1 412 19
1 136 97
1 159 63
1 288 82
2 50 33
2 444 58
2 372 39
2 262 65
2 423 53
3 177 15
3 258 36
3 407 38
3 98 35
3 130 54
3 27 38
3 108 1
3 256 15
3 126 11
3 303 32
3 222 82
4 295 92
4 6 42
4 7 36
4 264 16
4 307 48
4 143 49
4 113 55
4 402 91
4 119 91
4 151 5
4 56 56
4 217 55
4 253 48
4 94 87
4 320 27
5 209 67
5 169 1
5 175 100
5 70 55
5 25 52
5 173 6
5 238 29
5 95 15
5 54 23
6 322 17
6 295 77
6 106 81
6 364 35
6 269 4
6 402 79
6 307 33
6 188 23
6 23 74
6 362 38
6 217 37
6 348 56
6 253 93
7 119 74
7 264 24
7 267 67
7 143 43
7 113 81
7 151 72
7 56 65
7 217 60
7 253 6
7 94 19
7 320 20
8 353 84
8 195 23
8 37 17
8 26 24
8 423 61
8 329 54
8 152 12
8 365 10
8 208 34
8 49 60
8 405 70
8 215 68
8 90 53
8 410 30
8 316 42
9 99 78
9 196 94
9 105 10
9 331 81
9 77 79
9 80 49
9 274 49
9 245 91
9 343 34
9 88 98
9 409 62
9 59 83
9 255 88
10 337 2
10 449 97
10 275 4
10 278 35
10 334 62
10 214 97
10 64 69
10 301 61
10 110 10
10 224 98
10 366 76
11 34 8
11 163 85
11 156 56
11 165 37
12 100 23
12 261 83
12 103 49
12 72 79
12 426 31
12 179 80
12 20 21
12 85 32
12 87 37
12 440 89
12 341 51
12 91 89
12 220 78
12 192 84
13 257 93
13 288 23
13 83 94
13 277 54
13 111 34
13 76 64
13 397 57
13 319 23
13 272 39
14 321 85
14 340 14
14 38 86
14 376 34
14 137 44
14 378 85
14 75 97
14 104 5
14 302 64
14 223 53
14 160 97
15 195 53
15 316 28
15 53 55
15 182 29
15 45 35
15 237 30
15 92 85
15 125 58
15 147 50
15 238 47
16 226 40
16 134 16
16 71 47
16 285 44
16 123 15
16 236 87
16 240 99
16 127 22
16 287 59
16 384 16
17 268 63
17 357 68
17 317 70
17 44 12
17 46 19
17 432 79
17 306 75
17 115 63
17 204 12
17 349 97
17 381 4
17 447 9
18 419 16
18 420 79
18 392 54
18 360 56
18 393 19
18 170 61
18 168 73
18 207 73
18 403 35
18 216 12
18 249 27
18 234 38
18 413 15
19 134 44
19 305 1
19 166 39
19 391 60
19 153 35
19 218 71
19 235 25
19 236 3
19 141 9
19 123 55
19 285 52
20 353 73
20 35 30
20 428 32
20 72 78
20 426 46
20 440 38
20 227 13
20 387 21
20 433 84
20 243 80
20 85 41
20 87 45
20 344 61
20 341 18
20 91 17
20 220 54
20 383 63
20 192 38
21 435 70
21 117 88
21 408 7
21 221 65
21 299 50
21 205 71
21 414 22
21 207 58
21 112 79
22 312 57
22 303 64
22 232 51
22 251 3
22 280 69
22 157 81
22 47 35
22 336 76
23 348 85
23 295 32
23 362 61
23 364 57
23 269 24
23 402 45
23 307 50
23 106 73
23 217 42
23 282 50
23 219 79
23 188 90
23 253 43
23 326 29
24 338 25
24 195 38
24 239 53
24 103 88
24 72 61
24 329 96
24 92 22
24 189 7
24 271 32
24 32 96
25 225 30
25 209 54
25 246 68
25 70 31
25 425 79
25 169 55
25 173 58
25 175 6
25 95 84
25 54 33
26 353 42
26 195 30
26 37 5
26 423 6
26 329 43
26 171 74
26 428 56
26 365 96
26 35 33
26 387 94
26 90 86
26 405 17
26 208 8
26 215 61
26 152 4
26 410 57
26 316 6
27 303 71
27 130 96
27 276 22
27 98 8
27 415 7
27 120 55
27 312 44
27 222 85
27 79 61
27 256 81
28 193 72
28 435 87
28 414 12
29 401 44
29 82 79
29 148 7
29 438 84
29 167 9
29 330 100
29 443 54
29 155 82
29 231 31
30 69 45
30 370 23
30 404 73
30 133 60
30 150 50
30 146 39
30 361 72
30 394 84
30 176 57
31 194 89
31 243 52
31 41 95
31 74 43
31 220 74
31 259 65
31 227 93
32 100 8
32 338 9
32 92 4
32 239 44
32 103 52
32 284 22
32 189 69
32 271 3
33 161 81
33 158 49
33 324 21
33 184 21
33 314 11
33 46 88
33 94 97
33 286 30
34 163 38
34 165 7
34 156 11
34 269 73
34 219 40
34 128 54
35 353 78
35 387 10
35 171 40
35 428 42
35 344 74
35 90 11
35 91 10
35 444 40
35 152 13
35 383 59
36 161 57
36 67 14
36 324 96
36 198 11
36 392 41
36 360 52
36 46 78
36 115 62
36 420 70
36 313 61
36 317 30
36 158 39
37 353 94
37 195 2
37 316 98
37 423 44
37 329 52
37 171 42
37 152 48
37 365 13
37 387 62
37 208 28
37 90 44
37 49 30
37 405 44
37 215 93
37 410 46
37 444 7
38 321 37
38 340 47
38 260 29
38 358 70
38 376 67
38 137 87
38 378 50
38 283 79
38 75 81
38 102 13
39 385 98
39 374 55
39 135 36
39 40 93
39 345 68
39 395 3
39 412 19
39 367 5
39 342 18
40 65 15
40 385 42
40 374 91
40 135 87
40 136 48
40 138 65
40 395 56
40 333 22
40 367 24
40 369 80
40 244 31
40 309 66
40 86 34
40 345 10
40 379 64
40 412 88
40 139 75
40 212 76
41 194 22
41 242 100
41 74 74
41 96 60
41 448 68
41 112 47
42 241 13
42 99 100
42 196 98
42 229 62
42 102 38
42 424 95
42 105 13
42 88 7
42 254 7
42 145 29
42 274 64
42 52 49
42 248 71
42 283 47
42 446 93
42 255 33
43 418 29
43 356 78
43 421 54
43 214 89
43 58 13
43 301 22
43 64 96
44 306 6
44 115 34
44 268 4
44 381 96
44 317 64
44 204 92
44 349 68
44 414 72
44 447 56
44 432 80
45 423 52
45 365 33
45 238 25
45 335 25
45 208 79
45 49 54
45 178 78
45 147 34
45 405 17
45 279 62
45 410 80
45 316 69
45 53 71
46 161 95
46 324 78
46 381 73
46 204 45
46 286 11
46 115 96
46 184 16
46 313 78
46 314 77
46 317 59
46 158 5
47 337 87
47 449 38
47 436 35
47 232 36
47 251 35
47 347 13
47 280 25
47 157 14
47 334 4
47 336 40
48 133 43
48 389 70
48 183 7
48 361 22
48 396 89
48 211 2
48 176 26
48 81 41
48 370 77
48 371 4
48 375 87
48 293 10
48 187 13
49 279 47
49 423 74
49 365 36
49 335 79
49 208 98
49 178 70
49 372 43
49 405 34
49 215 9
49 410 99
49 53 34
49 316 13
50 69 30
50 146 38
50 372 45
50 262 71
50 228 97
50 394 94
50 404 73
51 213 24
51 66 23
51 339 4
51 310 29
51 373 56
51 406 83
51 266 69
51 443 6
51 174 57
51 62 71
52 145 36
52 99 57
52 229 63
52 102 50
52 424 59
52 105 45
52 248 84
52 399 34
52 144 91
52 241 15
52 274 39
52 88 25
52 446 49
52 283 53
52 93 89
52 254 64
52 255 51
53 195 22
53 316 35
53 335 97
53 279 83
53 92 11
53 147 44
53 238 79
54 209 15
54 225 69
54 70 4
54 169 87
54 175 98
54 246 11
55 419 79
55 261 55
55 265 44
55 74 93
55 205 49
55 227 61
55 179 13
55 85 83
55 440 94
55 149 47
55 61 81
55 382 35
56 295 1
56 269 30
56 143 37
56 113 75
56 402 57
56 307 49
56 119 57
56 217 89
56 253 87
56 94 96
57 242 36
57 435 80
57 116 83
57 408 30
57 202 4
57 96 96
57 448 19
57 107 1
57 112 94
58 418 82
58 356 93
58 421 87
58 214 62
58 301 77
58 64 27
59 99 60
59 196 40
59 274 94
59 105 85
59 331 32
59 248 98
59 77 54
59 80 87
59 245 73
59 343 14
59 88 95
59 409 16
59 93 74
59 255 47
60 441 28
60 300 70
60 357 27
60 184 2
60 128 68
61 419 28
61 261 78
61 168 48
61 265 67
61 74 71
61 205 83
61 179 81
61 149 83
61 170 71
61 221 15
61 382 27
62 258 98
62 213 24
62 310 27
62 66 5
62 373 29
62 266 17
62 339 11
62 174 55
63 66 78
63 166 28
63 391 46
63 258 20
63 235 58
63 108 46
63 141 13
63 206 84
63 305 79
63 177 46
63 407 62
63 218 71
63 411 77
63 126 80
63 351 50
64 418 67
64 275 13
64 421 3
64 214 20
64 301 52
65 388 54
65 244 32
65 111 31
65 272 25
65 83 7
65 212 69
65 309 41
65 367 62
65 154 32
65 277 81
65 412 15
65 136 11
65 288 68
66 258 20
66 266 28
66 108 24
66 206 55
66 400 86
66 177 66
66 174 43
66 213 37
66 310 15
66 407 11
67 161 29
67 198 37
67 392 41
67 233 1
67 308 43
67 360 83
67 420 91
67 324 5
67 313 53
67 314 80
67 317 58
67 158 17
68 401 47
68 244 60
68 309 40
68 111 11
68 167 26
68 296 78
68 277 3
68 76 43
68 333 68
68 159 96
69 146 73
69 84 62
69 262 82
69 228 68
69 361 60
69 394 99
69 404 48
69 150 68
70 390 23
70 169 42
70 298 79
70 173 9
70 175 22
70 209 69
70 425 86
70 311 41
70 281 48
70 95 29
71 226 64
71 134 28
71 123 52
71 236 39
71 285 59
71 127 15
71 287 19
71 240 26
72 353 13
72 387 16
72 428 87
72 329 91
72 426 52
72 152 100
72 433 47
72 341 84
72 87 44
72 440 21
72 344 67
72 91 78
72 189 16
72 192 9
73 322 97
73 188 81
73 199 36
73 162 74
73 226 1
73 123 26
73 348 97
73 240 85
74 194 39
74 227 83
74 261 49
74 259 17
74 265 72
74 243 2
74 149 18
74 85 37
74 220 63
75 321 71
75 260 2
75 376 90
75 137 16
75 378 67
75 340 73
75 104 52
76 257 91
76 277 76
76 111 1
76 319 32
76 296 64
76 397 80
76 159 30
76 272 82
77 343 10
77 101 8
77 270 10
77 439 98
77 245 76
77 124 24
77 331 22
77 80 94
78 289 10
78 386 82
78 323 98
78 359 66
78 328 24
78 185 44
78 273 32
78 384 25
79 130 43
79 276 12
79 98 69
79 120 94
79 186 5
79 256 17
79 398 19
79 415 22
79 222 10
80 101 70
80 439 1
80 343 90
80 245 45
80 124 11
80 331 79
80 270 1
81 370 10
81 371 14
81 293 53
81 422 66
81 375 1
81 361 20
81 133 41
81 187 53
81 183 70
81 176 100
82 148 19
82 438 55
82 231 22
82 330 10
82 443 86
82 155 18
83 388 32
83 367 75
83 272 56
83 277 94
83 111 8
83 154 74
83 412 24
83 319 1
83 288 16
84 97 51
84 354 54
84 228 81
84 146 20
84 361 57
84 394 86
84 363 82
84 142 31
84 370 61
85 227 74
85 440 94
85 261 7
85 426 81
85 259 86
85 433 93
85 243 73
85 341 45
85 87 78
85 91 2
85 220 57
85 192 66
86 385 25
86 412 87
86 244 89
86 135 67
86 136 35
86 138 54
86 139 65
86 333 86
86 367 11
86 369 17
86 212 2
86 374 67
86 345 45
86 379 11
86 124 90
86 395 20
86 342 47
87 353 93
87 387 73
87 428 71
87 329 92
87 426 22
87 344 5
87 433 37
87 341 50
87 440 27
87 91 73
87 152 64
87 192 5
88 145 57
88 99 24
88 196 46
88 229 24
88 102 41
88 424 40
88 105 9
88 274 55
88 399 35
88 446 61
88 241 19
88 248 41
88 409 26
88 93 3
88 254 34
88 255 46
89 450 56
89 355 88
89 358 14
89 377 3
89 137 51
89 302 74
89 223 31
90 410 29
90 353 56
90 387 15
90 316 16
90 423 27
90 329 60
90 195 21
90 171 29
90 428 7
90 365 33
90 208 70
90 405 15
90 215 42
90 152 19
90 444 7
91 353 78
91 426 25
91 227 54
91 440 78
91 259 85
91 387 93
91 433 18
91 243 96
91 341 80
91 344 23
91 220 56
91 428 14
91 383 87
91 192 6
92 182 78
92 125 21
92 237 56
92 239 64
92 338 24
92 147 41
92 271 78
92 189 95
93 99 22
93 424 98
93 105 13
93 248 63
93 399 55
93 144 63
93 241 48
93 274 15
93 245 1
93 439 80
93 254 77
93 255 53
94 113 25
94 217 94
94 143 94
95 209 49
95 281 71
95 425 87
95 250 9
95 173 75
95 238 38
95 175 54
96 116 98
96 194 6
96 242 37
96 448 70
97 354 30
97 355 26
97 118 56
97 350 63
97 210 100
97 442 96
97 363 49
97 416 16
97 142 98
97 304 48
98 130 20
98 276 16
98 407 21
98 120 99
98 222 12
98 415 56
98 256 61
99 196 92
99 424 29
99 105 86
99 248 79
99 274 17
99 399 87
99 144 50
99 145 61
99 245 72
99 409 81
99 254 84
99 255 7
100 103 23
100 170 23
100 239 73
100 338 76
100 179 88
100 341 13
100 271 70
100 440 6
100 249 63
100 284 16
101 325 60
101 122 98
101 331 94
101 270 56
102 321 63
102 145 35
102 260 36
102 229 97
102 196 1
102 424 80
102 241 7
102 248 8
102 378 66
102 283 8
102 446 27
102 358 9
103 338 76
103 341 52
103 239 66
103 284 45
103 189 90
103 271 38
104 368 30
104 160 84
104 340 82
104 422 69
104 375 48
104 137 51
104 187 71
104 332 99
104 430 22
105 145 61
105 196 39
105 229 40
105 424 36
105 399 86
105 241 49
105 274 31
105 245 71
105 248 1
105 409 1
105 254 35
105 255 25
106 449 17
106 188 87
106 295 92
106 232 30
106 362 98
106 364 19
106 336 24
106 280 2
106 282 37
106 347 25
106 348 91
107 242 33
107 116 14
107 202 92
108 177 5
108 407 30
108 258 83
108 266 73
108 411 75
108 126 18
108 206 57
108 305 77
109 273 91
109 323 45
109 180 41
109 197 67
109 151 55
109 121 87
109 267 13
109 127 70
110 291 79
110 132 61
110 278 7
110 247 80
110 203 78
110 429 3
110 366 4
111 257 36
111 388 68
111 309 19
111 296 8
111 397 20
111 272 73
111 244 68
111 277 72
111 319 40
111 154 29
111 159 23
111 288 77
112 242 52
112 205 54
112 299 11
112 408 32
112 221 54
112 382 84
112 265 98
112 448 24
113 402 72
113 307 12
113 217 68
113 269 7
113 143 80
114 290 25
114 380 92
114 140 23
114 200 62
114 297 21
114 251 100
114 312 46
114 157 4
114 318 53
115 161 73
115 324 46
115 198 35
115 381 77
115 432 90
115 306 53
115 286 89
115 204 95
115 317 91
115 268 94
115 349 36
115 158 98
115 447 36
116 202 57
116 242 7
117 419 89
117 221 23
117 198 78
117 408 56
117 393 90
117 234 29
117 299 66
117 205 78
117 382 86
117 207 69
118 210 3
118 355 28
118 228 44
118 279 5
118 178 94
118 442 33
118 354 45
118 142 52
118 416 11
119 322 19
119 295 57
119 264 95
119 267 70
119 143 52
119 151 77
119 217 60
119 253 35
119 320 16
120 130 9
120 276 96
120 398 64
120 186 22
120 222 88
120 415 10
120 256 41
121 273 10
121 323 3
121 180 89
121 197 30
121 151 52
121 308 52
121 267 57
121 127 41
122 129 64
122 263 84
122 343 10
122 201 34
122 400 32
122 252 20
122 190 19
122 270 14
123 226 19
123 134 31
123 162 67
123 236 45
123 240 37
123 153 94
123 285 79
123 287 1
124 385 91
124 135 10
124 138 68
124 395 81
124 245 29
124 439 75
124 345 50
124 379 9
124 331 37
124 342 31
125 338 61
125 147 98
125 182 92
125 250 34
125 237 23
126 258 15
126 235 40
126 177 43
126 206 19
126 303 97
126 305 5
126 407 7
126 411 4
126 427 69
127 273 36
127 226 71
127 151 23
127 384 78
127 287 93
128 441 96
128 300 25
128 184 70
129 201 19
129 263 45
129 400 46
130 276 72
130 303 44
130 312 45
130 222 37
130 415 13
130 256 48
131 417 87
131 434 98
131 164 38
131 231 91
131 330 70
131 352 77
132 203 46
132 429 24
132 191 6
133 370 25
133 371 82
133 396 45
133 389 92
133 361 36
133 293 26
133 176 95
134 166 40
134 235 60
134 236 64
134 141 71
134 305 40
134 153 75
134 240 60
134 285 87
134 287 8
135 385 39
135 374 39
135 138 61
135 395 21
135 367 100
135 369 5
135 212 36
135 342 78
135 345 32
135 379 98
135 412 66
136 369 41
136 244 82
136 138 72
136 139 83
136 333 90
136 367 47
136 401 40
136 212 30
136 309 5
136 345 24
136 379 38
136 412 74
137 321 45
137 450 77
137 302 43
137 340 87
137 376 79
137 377 52
137 378 36
137 223 2
137 358 41
138 412 50
138 244 88
138 342 34
138 139 64
138 333 71
138 367 68
138 369 30
138 212 21
138 374 34
138 345 14
138 379 39
138 395 67
139 369 21
139 172 57
139 212 37
139 325 81
139 345 61
139 379 48
139 333 90
140 290 62
140 297 6
140 380 18
140 318 59
140 200 74
141 391 53
141 235 40
141 236 85
141 206 46
141 305 100
141 153 86
141 218 48
141 411 33
141 351 70
141 166 99
142 354 22
142 372 49
142 279 53
142 228 73
142 442 22
142 178 36
142 416 93
143 402 94
143 217 98
143 253 37
144 399 77
144 439 53
144 292 44
144 254 38
144 255 18
145 196 64
145 229 39
145 424 51
145 248 49
145 254 24
145 241 39
145 274 31
145 283 87
145 446 46
145 255 39
146 404 39
146 150 40
146 228 77
146 361 87
146 394 26
146 262 92
147 316 63
147 182 93
147 237 25
147 238 67
148 438 30
148 231 27
148 296 21
148 330 77
148 159 67
148 167 34
149 227 77
149 261 22
149 205 43
149 179 50
149 265 66
149 299 52
149 382 83
149 419 99
150 404 86
150 361 72
150 394 93
151 226 40
151 264 58
151 253 48
151 267 91
151 320 73
152 353 78
152 410 63
152 387 45
152 428 60
152 423 60
152 329 68
152 195 37
152 171 93
152 208 45
152 405 7
152 215 46
152 344 99
153 166 65
153 391 48
153 235 10
153 236 14
153 240 93
153 305 44
153 218 38
153 411 5
153 285 84
154 288 70
154 388 17
154 412 100
154 367 76
154 272 84
155 401 49
155 438 8
155 167 86
155 330 69
155 443 57
155 172 26
155 406 78
156 163 53
156 165 8
156 326 28
156 219 7
157 290 2
157 232 51
157 297 66
157 334 58
157 431 61
157 436 71
157 280 75
157 251 94
157 318 27
157 191 43
158 161 47
158 198 47
158 324 96
158 184 32
158 313 54
158 314 57
158 317 93
158 286 64
159 257 76
159 167 45
159 244 48
159 397 85
159 401 55
159 277 42
159 309 77
159 296 56
160 422 55
160 363 66
160 332 96
160 430 48
160 304 46
160 340 100
160 375 55
160 187 49
160 368 82
160 350 13
161 324 41
161 184 6
161 313 79
161 314 6
161 317 46
161 286 77
162 322 77
162 188 34
162 199 14
162 264 36
162 226 14
162 348 4
162 240 56
162 320 86
163 165 60
164 417 57
164 434 60
164 373 90
164 231 9
164 186 57
164 443 96
164 339 98
164 415 45
164 352 80
165 326 60
165 219 61
165 269 79
165 307 72
166 391 41
166 235 92
166 236 72
166 206 95
166 305 8
166 351 2
166 218 61
166 411 59
167 401 17
167 309 34
167 296 6
167 333 95
167 438 95
168 419 48
168 392 100
168 393 51
168 234 37
168 179 65
168 207 74
168 403 100
168 216 99
168 249 11
168 170 83
168 413 87
169 209 87
169 246 41
169 311 57
169 425 50
169 298 92
169 173 46
169 175 32
170 179 84
170 249 3
170 234 83
170 393 58
170 413 27
170 419 23
170 216 26
171 353 51
171 428 8
171 387 95
171 215 19
171 344 23
171 444 29
171 383 49
172 401 86
172 369 96
172 325 1
172 406 34
172 333 25
173 209 7
173 425 84
173 390 79
173 281 37
173 250 8
174 213 26
174 310 38
174 266 28
174 400 28
175 209 5
175 246 70
175 225 11
176 389 94
176 422 9
176 361 39
176 370 59
176 371 69
176 183 41
176 187 12
176 293 40
176 375 78
177 305 70
177 258 88
177 407 24
177 206 12
177 411 43
177 222 77
178 354 27
178 372 17
178 279 46
178 228 60
178 365 26
178 335 52
178 416 19
179 419 20
179 261 68
179 265 95
179 440 56
179 341 59
179 216 44
180 273 10
180 233 44
180 323 58
180 308 48
180 197 70
180 413 35
180 267 95
180 420 88
180 403 93
181 418 85
181 291 78
181 356 2
181 421 30
181 247 25
181 366 46
182 289 11
182 239 71
182 338 40
182 386 44
182 250 34
182 237 31
182 271 85
183 389 90
183 422 69
183 211 9
183 396 60
183 430 10
183 370 2
183 371 97
183 375 8
183 293 92
183 187 77
184 324 64
184 357 17
184 286 65
184 300 87
185 273 7
185 386 95
185 359 7
185 328 83
185 289 63
185 384 33
186 417 94
186 434 43
186 415 75
186 398 63
186 352 28
187 422 12
187 332 29
187 370 45
187 430 57
187 304 9
187 371 57
187 368 59
187 375 6
187 350 7
188 322 39
188 295 83
188 199 16
188 264 60
188 362 40
188 364 75
188 402 75
188 348 58
188 253 15
189 338 79
189 195 37
189 271 71
189 329 22
189 239 7
190 252 68
190 445 5
190 263 20
190 343 54
191 337 21
191 290 51
191 436 53
191 278 66
191 334 51
191 203 7
191 318 68
191 431 93
191 224 83
192 227 42
192 428 36
192 426 24
192 259 79
192 433 85
192 243 49
192 341 15
192 440 77
192 344 65
192 220 92
192 383 31
193 435 45
193 414 100
194 259 43
195 410 19
195 353 37
195 423 58
195 329 78
195 405 13
195 208 93
195 215 76
195 316 64
196 229 54
196 424 33
196 274 52
196 248 86
196 409 74
196 446 60
196 255 50
197 323 49
197 420 9
197 360 59
197 233 46
197 308 78
197 267 24
197 273 87
197 403 69
197 413 53
198 392 70
198 393 13
198 360 73
198 420 59
198 207 2
198 324 19
198 313 50
198 317 78
199 322 15
199 427 32
199 348 42
199 240 46
200 290 84
200 297 95
200 380 76
200 318 75
201 213 52
201 263 81
201 351 52
201 400 48
202 242 87
202 435 71
203 290 21
203 431 36
204 268 27
204 357 58
204 381 7
204 432 46
204 306 97
204 349 35
204 317 16
204 286 14
204 447 17
205 419 20
205 265 77
205 299 36
205 207 4
205 393 39
205 221 11
205 382 91
206 258 43
206 391 65
206 266 7
206 235 19
206 305 81
206 213 28
206 407 88
206 218 42
206 411 39
206 351 1
207 419 35
207 393 84
207 234 89
207 299 87
207 392 90
207 216 42
207 221 57
207 382 46
208 410 75
208 423 5
208 329 19
208 365 5
208 335 99
208 372 43
208 405 87
208 215 89
208 316 80
209 246 11
210 355 83
210 279 48
210 442 75
210 238 42
210 416 23
211 371 64
211 389 86
211 293 61
211 396 83
212 395 38
212 333 21
212 367 87
212 369 2
212 244 77
212 309 54
212 345 30
212 379 70
212 412 49
212 374 39
213 310 92
213 266 40
213 351 19
213 400 59
214 418 14
214 275 13
214 421 48
214 278 75
214 224 45
214 301 10
214 366 88
215 353 45
215 410 11
215 387 75
215 444 25
215 423 19
215 329 12
215 365 75
215 405 96
215 316 58
216 419 1
216 393 27
216 234 58
216 392 54
216 403 72
216 249 40
216 413 72
217 295 15
217 264 59
217 269 31
217 402 60
217 307 72
217 320 58
217 253 76
218 305 69
218 391 46
218 346 46
218 235 11
218 351 58
219 307 36
219 326 47
219 269 75
220 227 53
220 261 47
220 426 68
220 259 50
220 433 40
220 243 82
220 440 58
221 419 39
221 234 14
221 393 73
221 299 71
221 382 53
222 258 1
222 276 83
222 303 46
222 407 13
222 415 14
222 256 73
223 450 91
223 358 1
223 376 88
223 377 41
223 378 53
223 302 50
224 449 2
224 337 5
224 275 17
224 436 74
224 278 51
224 334 3
224 431 47
225 246 27
225 358 20
225 450 25
225 377 13
226 264 74
226 322 2
226 287 64
226 240 13
226 320 68
227 259 29
227 261 74
227 440 44
227 433 42
227 243 8
227 426 63
228 372 37
228 262 89
228 354 32
229 241 3
229 358 21
229 424 12
229 248 11
229 274 71
229 283 54
229 446 71
229 255 4
230 346 19
230 445 41
230 294 71
230 311 67
231 438 36
231 434 79
231 330 43
231 443 4
232 449 83
232 436 65
232 280 13
232 347 12
232 336 96
233 420 82
233 392 97
233 308 61
233 267 4
233 360 49
233 403 31
233 313 66
233 314 97
233 413 21
234 419 69
234 420 30
234 392 14
234 360 100
234 393 18
234 403 59
234 249 46
234 413 48
235 391 54
235 236 86
235 305 85
235 411 79
236 240 53
236 285 34
236 287 58
237 338 59
237 271 8
237 250 93
237 239 81
238 279 13
238 335 15
239 386 38
239 271 75
239 338 54
239 284 15
240 322 61
240 285 29
240 287 3
241 424 95
241 248 43
241 399 28
241 254 56
241 274 67
241 283 35
241 446 87
241 255 82
242 408 30
242 448 4
243 426 58
243 259 11
243 433 82
243 383 58
244 333 38
244 367 48
244 272 62
244 369 3
244 401 82
244 277 10
244 309 65
244 412 17
245 439 88
245 331 25
245 270 73
246 450 91
247 291 78
247 421 44
247 315 24
247 429 29
247 366 63
248 424 67
248 399 92
248 446 26
248 283 14
248 274 93
248 254 60
248 255 6
249 403 27
249 413 2
249 284 65
249 323 19
250 425 51
250 390 87
250 281 15
251 312 10
251 297 76
252 445 3
252 343 49
252 311 51
253 322 97
253 295 14
253 264 34
253 364 42
253 402 31
253 307 31
253 348 55
253 320 19
254 424 39
254 399 71
254 274 19
254 446 52
254 255 76
255 424 66
255 274 2
255 399 56
255 409 59
256 312 46
256 276 98
256 303 36
256 407 32
256 415 85
257 277 11
257 397 81
257 296 25
257 319 86
257 272 58
258 407 36
258 266 42
259 433 16
260 321 2
260 283 26
260 376 22
260 378 7
260 446 49
261 419 8
261 265 32
261 440 29
261 341 69
261 382 67
262 372 17
262 404 55
263 400 78
264 295 96
264 322 95
264 348 47
264 320 39
265 419 80
265 299 83
265 382 37
266 310 57
266 400 15
267 308 59
267 314 91
268 306 100
268 381 11
268 317 82
268 349 81
268 414 91
268 447 11
268 432 76
269 402 53
269 307 89
269 326 78
270 343 89
270 331 27
271 338 54
271 284 82
272 388 8
272 309 99
272 397 28
272 277 39
272 367 17
272 412 95
272 319 37
272 288 73
273 289 65
273 323 30
273 328 49
273 384 1
274 424 85
274 399 23
274 446 70
274 409 5
275 449 28
275 337 97
275 436 53
275 278 1
275 301 92
275 334 68
276 380 16
276 415 37
276 312 37
276 398 2
277 388 17
277 296 49
277 397 64
277 309 2
277 319 44
277 288 50
278 449 62
278 301 58
278 334 90
278 337 52
278 436 73
278 366 21
279 365 74
279 335 34
279 416 69
280 337 13
280 449 21
280 436 9
280 347 30
280 334 11
280 336 13
281 437 19
281 327 34
281 298 93
281 425 59
281 390 26
282 449 90
282 326 85
282 362 87
282 347 30
282 364 31
283 321 86
283 424 2
283 378 14
283 446 6
284 289 22
284 386 3
284 338 33
285 287 25
286 324 32
286 381 29
286 317 49
286 300 27
287 384 62
288 388 97
288 319 26
288 397 18
289 386 81
289 323 30
289 328 43
289 338 57
289 384 98
290 436 62
290 297 13
290 334 84
290 431 46
290 318 63
291 421 18
291 315 61
291 429 100
291 366 4
292 385 14
292 342 13
292 439 12
293 370 90
293 396 2
293 389 29
293 371 11
294 327 46
294 311 40
294 346 95
294 298 4
294 445 63
295 322 2
295 348 10
295 364 42
295 402 26
295 307 72
295 362 19
295 320 61
296 397 59
296 401 67
296 309 29
297 380 33
297 312 79
297 318 82
297 431 19
298 311 20
298 425 68
298 327 6
298 390 10
299 419 88
299 393 63
299 408 82
299 382 97
300 357 34
300 441 2
300 381 17
301 449 32
301 418 89
301 421 24
302 450 17
302 355 4
302 377 14
302 332 43
302 304 4
302 350 40
303 427 74
304 355 51
304 422 49
304 363 13
304 332 68
304 368 87
304 375 50
304 442 33
304 350 19
305 391 89
305 427 63
305 411 56
306 349 4
306 414 2
306 447 17
306 432 41
307 362 13
307 402 12
307 326 52
308 420 67
308 360 46
308 392 16
308 403 2
308 313 31
308 314 65
309 369 87
309 333 45
309 367 47
309 401 42
309 412 16
310 339 40
310 406 83
310 373 31
311 327 92
311 346 69
311 445 93
313 392 77
313 324 58
313 360 2
313 420 63
313 314 95
313 317 56
314 420 28
314 360 27
314 324 54
315 429 10
316 423 2
316 329 95
316 365 37
316 335 14
316 405 53
316 410 45
317 324 8
317 381 92
318 431 96
319 397 53
320 322 31
321 340 40
321 376 92
321 378 6
322 364 87
322 348 36
323 386 3
323 403 57
323 413 27
324 360 40
325 406 87
326 362 44
327 437 76
327 346 15
327 425 29
327 390 89
328 386 70
328 359 60
328 384 23
329 353 29
329 410 97
329 428 96
329 344 58
329 405 15
330 438 21
330 443 13
331 343 31
331 439 12
332 363 43
332 375 61
332 430 62
332 350 70
332 422 58
332 368 47
333 369 21
333 401 92
334 449 30
334 431 17
334 337 43
334 436 29
334 347 72
335 423 90
335 365 17
335 405 98
335 372 91
335 410 86
336 449 6
336 436 92
336 364 90
336 362 64
336 347 66
337 449 74
337 431 36
337 436 1
337 347 53
338 386 74
339 373 37
339 443 79
339 406 21
340 376 89
340 430 96
340 378 38
341 426 36
341 440 63
342 385 44
342 395 80
342 439 64
342 345 32
342 379 79
342 374 58
343 409 83
344 353 36
344 426 50
344 428 89
344 387 73
344 433 52
344 383 34
345 385 20
345 412 5
345 374 49
345 367 49
345 369 36
345 379 97
345 395 44
346 445 72
347 449 70
347 436 68
348 362 27
348 364 3
348 402 82
349 381 56
349 414 56
349 447 68
349 432 13
350 355 61
350 422 79
350 363 3
350 375 27
350 442 28
350 368 63
351 391 64
351 400 80
352 417 43
352 434 3
352 415 95
353 426 92
353 428 16
353 387 32
353 405 45
353 410 62
354 442 61
354 363 39
354 416 38
355 442 63
355 363 66
355 416 61
356 421 46
356 418 80
357 381 47
358 450 79
358 376 81
358 377 72
358 378 37
358 446 39
359 384 95
359 437 18
360 392 59
360 420 90
360 403 75
360 413 96
361 370 95
361 394 25
361 371 44
362 364 100
362 402 97
363 368 58
363 375 30
363 442 47
364 402 18
365 410 91
365 423 72
365 372 82
365 405 32
366 418 64
366 421 66
366 429 20
367 385 42
367 388 39
367 395 70
367 412 22
367 369 5
367 374 57
367 379 28
368 422 83
368 375 43
368 430 45
369 379 70
369 412 8
370 375 53
370 394 72
370 389 9
370 371 78
371 389 48
371 375 97
371 422 6
372 423 87
373 443 89
373 406 16
374 385 83
374 395 98
374 379 4
374 412 67
375 422 93
375 430 37
376 378 36
377 450 17
379 385 85
379 412 3
379 395 15
380 398 14
381 432 91
381 447 63
382 419 43
382 393 100
383 433 4
383 428 62
383 387 59
385 395 91
385 412 50
387 428 94
387 433 20
388 412 10
389 396 91
390 425 92
390 437 55
392 420 29
392 393 78
392 403 59
392 413 15
393 419 8
393 413 77
394 404 8
395 412 37
398 415 66
399 424 89
403 420 19
403 413 3
405 410 79
405 423 75
406 443 28
408 435 57
408 448 97
410 423 65
411 427 85
413 420 69
414 435 26
414 447 7
414 432 26
416 442 41
417 434 25
418 421 12
422 430 17
424 446 80
426 428 89
426 440 95
426 433 20
428 433 50
431 436 93
432 447 60
433 440 51
436 449 25
438 443 52
10
1
1
1 2
1 2 3 4
1 2 3 4 5 6 7 8
1 2 3 4 5 6 7 8 9 10 11 12 13 14 15
1 2 3 4 5 6 7 8 9 10 11 12 13 14 15 16 17 18 19 20 21 22 23 24 25 26 27 28 29
1 2 3 4 5 6 7 8 9 10 11 12 13 14 15 16 17 18 19 20 21 22 23 24 25 26 27 28 29 30 31 32 33 34 35 36 37 38 39 40 41 42 43 44 45 46 47 48 49 50 51 52 53 54 55 56 57
1 2 3 4 5 6 7 8 9 10 11 12 13 14 15 16 17 18 19 20 21 22 23 24 25 26 27 28 29 30 31 32 33 34 35 36 37 38 39 40 41 42 43 44 45 46 47 48 49 50 51 52 53 54 55 56 57 58 59 60 61 62 63 64 65 66 67 68 69 70 71 72 73 74 75 76 77 78 79 80 81 82 83 84 85 86 87 88 89 90 91 92 93 94 95 96 97 98 99 100 101 102 103 104 105 106 107 108 109 110 111 112 113
1 2 3 4 5 6 7 8 9 10 11 12 13 14 15 16 17 18 19 20 21 22 23 24 25 26 27 28 29 30 31 32 33 34 35 36 37 38 39 40 41 42 43 44 45 46 47 48 49 50 51 52 53 54 55 56 57 58 59 60 61 62 63 64 65 66 67 68 69 70 71 72 73 74 75 76 77 78 79 80 81 82 83 84 85 86 87 88 89 90 91 92 93 94 95 96 97 98 99 100 101 102 103 104 105 106 107 108 109 110 111 112 113 114 115 116 117 118 119 120 121 122 123 124 125 126 127 128 129 130 131 132 133 134 135 136 137 138 139 140 141 142 143 144 145 146 147 148 149 150 151 152 153 154 155 156 157 158 159 160 161 162 163 164 165 166 167 168 169 170 171 172 173 174 175 176 177 178 179 180 181 182 183 184 185 186 187 188 189 190 191 192 193 194 195 196 197 198 199 200 201 202 203 204 205 206 207 208 209 210 211 212 213 214 215 216 217 218 219 220 221 222 223 224 225
