2495
1 242 19
1 387 62
1 98 7
1 278 35
1 7 99
1 440 80
1 186 50
1 367 93
1 294 88
2 226 80
2 227 16
2 330 90
2 363 22
2 111 95
2 94 50
2 298 62
2 405 53
2 310 91
2 120 97
2 251 30
2 208 45
2 331 21
3 254 78
3 196 64
3 198 68
3 391 17
3 424 46
3 80 59
3 76 10
3 333 37
3 431 58
3 126 31
3 276 84
3 248 25
3 59 59
3 92 69
3 412 5
3 222 16
4 450 62
4 291 27
4 244 56
4 52 80
4 153 63
4 260 23
4 155 51
4 409 77
4 347 42
4 79 54
4 224 75
5 418 86
5 419 86
5 406 72
5 7 54
5 203 17
5 112 64
5 381 9
5 366 45
5 304 71
6 417 95
6 421 58
6 105 49
6 10 28
6 396 29
6 77 77
6 206 97
6 369 56
6 370 78
6 249 35
6 25 63
6 346 59
6 349 70
6 30 77
6 128 38
7 418 42
7 98 51
7 242 90
7 440 49
7 221 98
7 366 7
8 129 32
8 85 5
8 163 83
8 261 21
8 137 2
8 108 80
8 45 66
8 144 100
8 273 53
8 309 67
8 437 98
8 318 99
8 160 93
9 259 86
9 296 59
9 425 25
9 72 88
9 19 18
9 404 76
9 88 6
9 441 70
9 283 63
9 253 77
9 447 72
9 96 34
10 210 17
10 166 23
10 105 100
10 249 70
10 301 20
10 139 7
10 396 10
10 413 61
10 206 97
10 128 73
11 89 33
11 199 97
11 18 24
11 313 42
11 201 25
11 238 42
11 288 69
12 67 77
12 284 18
12 39 93
12 233 67
12 109 74
12 143 96
12 177 22
12 307 89
12 84 29
12 252 58
12 184 27
12 379 84
12 380 98
12 212 74
13 225 65
13 196 63
13 293 4
13 102 49
13 391 44
13 372 47
13 333 42
13 16 4
13 433 37
13 116 5
13 340 72
13 118 47
13 80 18
13 126 27
13 351 19
13 70 59
14 210 64
14 218 17
14 301 55
14 166 77
14 183 48
14 282 76
14 394 74
14 187 63
14 413 84
14 29 36
14 230 19
15 50 84
15 35 72
15 53 100
15 229 32
15 231 76
15 426 88
15 359 74
15 317 20
15 302 11
15 335 76
16 130 97
16 196 36
16 391 40
16 295 14
16 360 38
16 372 95
16 274 82
16 116 13
16 287 26
16 384 30
16 342 53
16 351 51
16 102 18
17 321 79
17 133 99
17 168 5
17 75 36
17 300 93
17 303 39
17 350 49
17 49 69
17 83 42
17 375 94
17 26 43
17 197 86
17 443 25
17 43 10
17 56 97
18 113 94
18 201 69
18 199 44
18 313 95
18 202 24
18 337 16
18 238 22
18 89 95
18 288 85
19 65 42
19 296 73
19 395 71
19 72 18
19 425 44
19 404 80
19 441 40
19 283 82
19 253 92
19 447 1
19 96 40
20 113 14
20 290 6
20 51 80
20 170 63
20 119 53
20 232 20
20 250 7
20 266 59
20 204 42
20 223 70
21 371 17
21 36 44
21 90 59
21 316 48
21 403 59
21 175 14
21 446 7
22 100 48
22 146 79
22 329 77
22 139 96
22 210 8
22 308 47
22 183 8
22 282 36
22 218 30
22 91 29
22 413 44
22 414 63
22 95 47
23 449 48
23 355 94
23 357 33
23 438 76
23 376 76
23 74 11
23 427 37
23 188 18
23 429 20
23 61 59
24 68 2
24 325 100
24 73 61
24 138 51
24 44 87
24 373 82
24 241 23
24 306 75
24 148 12
24 140 60
24 442 16
24 448 2
24 157 4
24 190 55
24 63 13
24 64 45
25 417 70
25 421 44
25 105 89
25 445 76
25 77 50
25 79 3
25 369 90
25 370 95
25 346 80
25 128 38
25 349 7
25 30 12
25 352 10
26 321 76
26 66 21
26 324 13
26 197 15
26 103 51
26 43 36
26 300 12
26 269 12
26 147 84
26 350 75
26 83 85
26 373 60
26 375 27
26 133 54
26 190 51
26 320 57
27 388 39
27 389 1
27 134 12
27 200 57
27 362 92
27 142 87
27 207 20
27 338 84
27 243 58
27 117 73
27 57 87
27 285 6
27 262 56
28 66 9
28 147 21
28 324 94
28 214 7
28 103 24
28 402 27
28 269 82
28 125 27
28 320 37
29 325 62
29 394 70
29 44 84
29 241 69
29 306 99
29 157 80
29 308 38
29 183 18
29 138 71
29 218 22
29 187 91
29 282 100
29 448 30
30 417 40
30 329 47
30 228 60
30 210 22
30 105 45
30 189 85
30 139 47
30 77 77
30 369 8
30 377 96
30 345 76
30 445 65
30 128 18
31 280 60
31 195 88
31 172 65
31 87 60
31 167 4
31 392 64
31 399 5
31 237 1
31 398 85
31 383 55
31 32 25
32 257 60
32 380 99
32 423 19
32 200 70
32 109 6
32 172 48
32 237 54
32 398 87
32 383 91
32 280 92
32 124 31
33 35 56
33 165 30
33 229 100
33 215 96
33 426 23
33 267 3
33 400 91
33 141 6
33 368 12
34 236 75
34 344 18
34 377 86
34 314 56
34 444 39
34 189 11
34 430 63
34 47 53
34 78 22
35 50 78
35 53 24
35 231 39
35 359 97
35 40 91
35 267 22
36 258 72
36 390 81
36 159 2
36 90 11
36 316 63
36 446 95
36 175 86
37 353 33
37 97 41
37 107 84
37 219 82
38 131 79
38 165 75
38 270 93
38 40 50
38 368 31
38 275 14
38 400 5
39 177 36
39 84 19
39 380 83
39 252 96
39 233 20
39 284 97
39 124 8
40 50 38
40 165 45
40 275 76
40 368 29
41 68 26
41 439 39
41 198 26
41 424 39
41 364 22
41 76 65
41 82 45
41 340 17
41 434 31
41 248 70
41 59 34
41 92 95
41 412 20
41 63 4
42 209 51
42 114 40
42 365 78
42 220 64
42 205 57
42 334 75
43 321 41
43 49 36
43 197 44
43 136 21
43 73 16
43 140 87
43 303 12
43 350 72
43 83 16
43 373 53
43 375 96
43 56 38
43 443 85
43 190 37
44 68 78
44 325 77
44 183 35
44 138 57
44 308 39
44 241 12
44 306 64
44 157 10
44 148 86
44 374 31
44 439 83
44 442 5
44 63 6
44 448 9
45 85 44
45 104 96
45 137 98
45 261 100
45 110 4
45 286 52
45 48 18
46 322 86
46 69 86
46 295 42
46 327 98
46 104 84
46 211 67
46 145 21
46 339 84
46 341 89
46 279 22
46 281 19
46 378 45
46 255 5
47 268 77
47 430 66
47 431 72
47 126 79
47 179 23
47 276 86
47 343 20
47 344 72
47 314 5
47 444 84
47 222 23
48 292 37
48 261 73
48 104 52
48 137 23
48 397 18
48 286 33
48 110 50
49 83 88
49 356 98
49 136 80
49 73 71
49 56 60
49 64 20
49 443 7
49 303 11
49 432 22
50 53 33
50 231 66
50 267 50
51 290 89
51 55 91
51 232 98
51 204 77
51 402 30
51 119 32
51 58 41
51 121 34
51 250 72
51 415 80
51 256 60
52 153 71
52 382 23
52 408 76
53 229 36
53 231 59
53 359 59
53 426 31
53 267 36
53 302 20
54 385 66
54 115 61
54 326 60
54 328 89
54 169 81
54 122 60
54 358 49
55 230 82
55 127 39
55 247 40
55 232 53
55 121 2
55 58 71
55 204 70
55 174 68
55 415 50
55 256 49
56 321 63
56 258 30
56 197 90
56 168 38
56 303 91
56 350 78
56 375 60
56 443 11
56 75 11
57 257 70
57 388 25
57 389 89
57 263 15
57 423 79
57 200 77
57 234 2
57 207 61
57 243 48
57 181 83
57 312 72
57 154 5
57 285 27
58 230 13
58 135 50
58 232 3
58 204 66
58 174 56
58 239 24
58 127 32
58 247 7
58 121 85
58 411 25
58 415 13
58 256 16
59 92 11
59 198 55
59 424 38
59 76 75
59 333 90
59 430 82
59 431 33
59 254 59
59 276 19
59 374 4
59 439 50
59 248 6
59 412 32
59 126 6
60 393 38
60 81 34
60 235 35
60 150 9
61 449 44
61 162 75
61 355 73
61 357 17
61 294 90
61 74 11
61 427 87
61 376 77
61 429 47
61 67 70
61 307 53
61 184 74
61 188 65
62 243 7
62 388 72
62 263 2
62 314 10
62 154 29
62 285 20
62 142 71
63 68 41
63 439 8
63 424 44
63 138 83
63 76 83
63 82 86
63 148 68
63 374 85
63 364 88
63 248 28
63 64 89
64 68 33
64 136 45
64 73 74
64 138 78
64 140 100
64 436 83
64 432 79
64 82 4
64 148 23
64 364 86
64 190 99
65 353 20
65 420 70
65 296 88
65 441 61
65 283 92
65 107 25
65 96 64
66 83 24
66 324 51
66 373 63
66 103 35
66 442 79
66 269 77
66 190 19
66 320 50
67 449 41
67 162 6
67 355 76
67 188 87
67 357 36
67 294 9
67 74 89
67 429 17
67 143 47
67 177 66
67 307 88
67 212 92
67 278 49
67 376 19
67 186 79
67 379 43
67 252 72
67 184 44
68 364 60
68 82 92
68 432 26
68 434 71
68 148 77
68 73 66
68 248 48
69 145 92
69 281 60
69 339 27
69 341 56
69 327 40
69 104 76
69 211 32
69 192 3
69 110 17
69 255 16
70 225 95
70 322 87
70 116 55
70 293 25
70 102 93
70 386 9
70 372 41
70 80 53
70 433 26
70 340 88
70 118 16
70 351 71
71 337 80
71 178 7
71 199 54
71 135 60
71 201 62
71 202 75
71 313 42
72 441 9
72 404 56
72 296 5
72 425 23
72 283 59
72 253 24
72 259 36
72 447 94
72 96 68
73 136 89
73 138 68
73 140 62
73 432 78
73 82 86
73 83 39
73 148 32
73 373 35
73 442 11
73 190 86
74 449 54
74 162 72
74 357 32
74 294 57
74 427 81
74 376 7
74 429 90
74 355 58
74 307 41
74 184 35
74 379 18
74 188 98
75 258 82
75 159 6
75 390 56
75 375 34
75 443 21
75 168 7
75 303 16
75 321 11
76 412 3
76 198 96
76 424 88
76 333 61
76 431 96
76 276 50
76 374 26
76 439 89
76 248 41
76 92 41
76 254 94
77 417 8
77 228 75
77 421 7
77 105 99
77 445 1
77 79 89
77 369 95
77 370 34
77 189 58
77 346 45
77 349 68
77 352 13
78 100 98
78 146 5
78 236 34
78 430 47
78 345 51
78 228 23
78 344 44
78 377 79
78 91 80
78 444 73
78 189 91
78 414 75
78 95 30
79 417 99
79 450 97
79 291 28
79 421 54
79 409 14
79 370 44
79 244 60
79 346 86
79 347 81
79 352 68
79 349 40
79 155 8
79 224 16
80 225 50
80 196 75
80 293 94
80 102 51
80 391 80
80 333 47
80 198 41
80 340 50
80 412 73
80 126 16
80 351 27
81 393 52
81 235 18
81 411 54
81 239 34
81 240 47
82 356 100
82 136 100
82 332 93
82 436 36
82 432 99
82 434 59
82 435 72
82 364 49
83 321 78
83 197 91
83 140 87
83 190 51
83 373 36
83 375 36
83 442 73
83 350 25
84 177 16
84 124 18
84 252 83
84 284 23
84 380 96
84 233 37
85 129 35
85 163 87
85 261 26
85 137 10
85 108 19
85 144 16
85 273 25
85 437 5
85 309 79
85 318 27
85 160 33
86 164 16
86 277 66
86 311 34
86 410 10
86 237 7
86 398 74
87 195 36
87 389 23
87 262 74
87 167 6
87 392 54
87 362 12
87 172 95
87 173 32
87 99 67
87 399 77
87 176 29
87 305 75
87 338 98
87 245 26
87 280 39
87 217 66
88 259 76
88 356 42
88 364 4
88 332 32
88 432 38
88 434 32
88 435 13
88 436 14
88 348 11
88 156 83
88 253 4
89 113 88
89 199 44
89 135 63
89 313 93
89 202 89
89 337 58
89 123 44
89 288 77
90 371 65
90 390 46
90 395 34
90 446 25
90 175 50
91 100 77
91 424 62
91 329 53
91 276 34
91 139 14
91 254 64
91 146 8
91 308 92
91 439 64
91 282 25
91 414 52
91 95 34
91 374 22
92 198 28
92 424 76
92 333 61
92 430 55
92 431 94
92 254 11
92 276 70
92 374 25
92 439 64
92 248 45
92 412 45
92 126 5
93 265 8
93 168 68
93 159 13
93 416 86
94 226 91
94 227 81
94 405 97
94 310 7
94 120 96
94 298 97
94 331 35
94 363 69
94 251 38
94 111 36
95 329 36
95 146 18
95 100 84
95 210 60
95 345 63
95 282 44
95 139 70
95 414 34
96 129 91
96 420 24
96 296 79
96 273 32
96 425 15
96 404 43
96 309 90
96 441 69
96 283 42
96 447 37
96 160 22
97 353 27
97 107 78
97 219 44
98 242 33
98 387 89
98 182 30
98 440 96
98 130 96
98 221 67
98 366 96
98 367 9
99 195 63
99 167 20
99 392 24
99 172 24
99 173 86
99 399 74
99 305 10
99 277 65
99 217 42
99 245 13
99 315 53
99 251 50
100 424 76
100 329 100
100 308 10
100 139 75
100 430 2
100 254 63
100 146 76
100 276 55
100 374 93
100 282 67
100 414 91
101 354 32
101 206 37
101 180 60
101 220 91
101 249 30
101 396 17
101 240 62
101 334 89
101 128 65
102 225 17
102 322 70
102 293 68
102 340 97
102 372 51
102 433 2
102 116 34
102 118 99
102 281 13
102 351 11
103 147 31
103 324 30
103 214 100
103 269 65
103 125 47
103 320 59
104 261 27
104 327 38
104 137 55
104 110 84
104 145 12
104 211 7
104 341 37
104 255 79
105 417 100
105 369 58
105 206 77
105 249 86
105 396 98
105 128 31
106 209 43
106 114 31
106 260 99
106 361 69
106 205 47
106 271 85
106 336 21
107 353 2
107 420 21
107 219 74
108 129 20
108 163 60
108 261 39
108 437 95
108 144 46
108 273 5
108 309 91
108 318 60
108 191 93
108 160 17
109 257 32
109 124 96
109 181 100
109 423 55
109 200 71
109 380 62
109 234 20
109 383 90
110 292 57
110 137 33
110 397 92
110 335 82
110 341 30
110 317 10
110 286 66
110 192 54
111 227 95
111 173 40
111 297 87
111 298 40
111 251 38
111 176 96
111 331 79
111 363 8
111 382 89
112 418 89
112 419 42
112 358 43
112 169 81
112 203 80
112 366 24
112 304 77
112 406 18
112 122 54
112 381 56
112 326 63
113 337 39
113 135 56
113 199 8
113 170 90
113 123 100
113 223 75
113 288 59
114 209 16
114 260 72
114 361 71
114 220 82
114 205 69
114 334 85
114 365 81
114 336 67
115 131 70
115 270 97
116 225 96
116 322 1
116 293 39
116 295 93
116 360 68
116 433 34
116 255 31
116 372 62
116 118 55
116 281 52
116 351 86
117 338 79
117 243 54
117 389 93
117 262 93
117 264 4
117 362 68
117 142 64
117 207 45
117 134 49
118 225 60
118 386 45
118 293 97
118 322 50
118 372 2
118 433 74
118 340 67
118 255 93
118 348 76
118 351 34
119 402 67
119 214 22
119 250 43
119 266 99
119 232 97
119 125 16
119 290 67
119 223 24
120 161 93
120 226 13
120 227 67
120 330 89
120 363 81
120 323 21
120 208 80
120 405 74
120 310 70
120 251 43
120 213 74
120 315 50
120 319 38
121 230 5
121 232 3
121 301 58
121 174 71
121 256 90
121 415 49
121 247 41
121 127 79
121 166 15
122 326 16
122 358 35
122 169 41
122 203 55
122 304 8
123 170 49
123 266 5
123 223 18
124 380 87
124 233 99
124 284 79
124 237 27
124 383 4
125 401 77
125 402 10
125 147 71
125 324 38
125 214 72
126 412 22
126 198 47
126 391 14
126 268 33
126 333 75
126 272 17
126 179 39
126 196 26
126 431 49
126 343 92
126 222 59
126 151 44
127 247 72
127 230 75
127 415 5
127 411 82
127 204 60
127 174 77
127 239 47
127 256 63
128 369 2
128 354 93
128 249 90
128 396 30
128 206 14
129 296 63
129 163 34
129 309 14
129 425 88
129 144 55
129 273 2
129 447 76
129 441 1
129 437 2
129 160 89
129 318 7
129 191 24
130 274 14
130 360 29
130 242 51
130 342 68
130 440 57
130 384 2
130 221 89
130 158 11
130 287 30
130 182 63
131 275 52
131 270 68
132 387 44
132 343 86
132 422 53
132 242 23
132 171 12
132 268 57
132 367 60
132 272 38
132 274 9
132 179 69
132 182 70
132 151 65
132 152 40
132 222 84
132 287 14
133 321 6
133 197 21
133 375 13
133 168 46
133 300 25
133 269 16
133 350 80
133 320 37
134 193 8
134 450 1
134 291 97
134 262 77
134 264 30
134 362 52
134 207 58
134 176 85
134 338 94
134 244 94
134 347 79
134 155 69
134 224 14
135 313 9
135 199 89
135 247 100
135 202 3
135 204 93
135 337 66
136 436 2
136 356 83
136 432 63
136 140 87
136 443 37
137 261 3
137 286 39
138 140 41
138 325 82
138 241 9
138 306 8
138 148 24
138 442 59
138 157 15
138 190 4
138 448 99
139 329 31
139 301 33
139 210 32
139 183 33
139 282 42
139 414 43
139 218 45
139 187 50
139 413 97
140 442 36
140 148 41
140 373 1
140 190 88
141 289 57
141 339 76
141 149 65
141 229 38
141 215 17
141 426 11
141 267 32
141 407 34
142 243 78
142 388 65
142 264 46
142 428 87
142 285 15
142 207 35
143 307 59
143 212 28
143 181 67
143 184 35
143 185 75
143 186 90
143 379 44
143 234 64
144 163 97
144 261 90
144 437 50
144 273 70
144 309 78
144 441 23
144 318 7
144 191 42
144 160 37
145 322 98
145 211 42
145 341 67
145 327 93
145 281 33
145 255 55
146 254 58
146 424 20
146 329 3
146 430 62
146 276 29
146 374 89
146 282 49
146 414 45
147 324 11
147 214 24
147 269 51
147 320 82
148 325 55
148 241 21
148 306 14
148 373 8
148 442 46
148 448 11
148 157 99
148 190 56
149 215 12
149 289 18
149 406 58
149 407 30
149 158 78
150 393 94
150 235 45
151 196 47
151 422 64
151 391 29
151 268 69
151 272 1
151 274 82
151 179 90
151 182 92
151 343 77
151 222 2
151 287 63
152 194 29
152 387 13
152 422 41
152 171 44
152 268 3
152 367 15
152 179 45
152 182 13
152 185 40
152 314 78
152 299 91
153 382 6
153 408 28
154 194 22
154 243 68
154 388 78
154 263 98
154 312 13
154 299 20
154 285 93
155 450 34
155 291 70
155 244 11
155 409 57
155 347 36
155 264 45
155 224 83
156 433 77
156 386 63
156 259 79
156 348 15
156 293 41
156 434 83
156 332 82
156 435 37
157 394 93
157 325 75
157 308 3
157 241 37
157 306 51
157 183 5
157 282 88
157 187 5
157 448 51
158 289 13
158 246 53
158 342 23
158 279 60
158 360 11
158 378 78
158 215 10
158 407 83
158 384 37
159 258 69
159 390 14
159 168 75
159 265 36
159 303 66
159 416 83
160 163 17
160 420 7
160 273 27
160 309 100
160 441 34
160 437 50
160 318 65
160 191 51
161 226 32
161 323 91
161 213 97
161 310 70
161 311 8
161 330 11
161 319 48
161 208 68
162 449 76
162 355 40
162 278 77
162 376 71
162 186 6
162 294 16
162 307 91
162 419 81
163 261 84
163 273 24
163 309 40
163 437 9
163 318 93
163 191 41
164 277 25
164 392 22
164 410 17
164 237 82
164 398 97
165 275 12
165 267 22
165 400 11
165 368 20
166 249 34
166 218 57
166 230 83
166 210 87
166 413 79
166 301 66
166 174 19
167 392 35
167 195 95
167 172 78
167 173 59
167 398 35
167 399 2
167 305 86
167 277 44
167 280 75
167 217 38
167 245 2
167 315 94
167 251 78
168 321 80
168 258 91
168 265 32
168 300 37
168 303 24
168 375 87
168 197 15
168 350 56
169 326 96
169 358 100
169 203 56
169 304 24
170 266 95
170 223 87
171 194 30
171 387 17
171 422 100
171 185 79
171 314 3
171 299 7
171 367 12
171 182 44
172 195 67
172 392 40
172 237 6
172 398 77
172 399 2
172 305 66
172 245 50
172 280 20
172 277 3
172 383 36
173 193 44
173 297 66
173 195 97
173 399 22
173 176 37
173 305 39
173 245 58
173 217 61
173 251 16
174 230 94
174 415 63
174 247 97
174 411 39
174 301 1
174 239 52
175 390 41
175 265 84
175 316 24
175 416 2
176 193 15
176 297 32
176 362 46
176 305 57
176 338 9
176 245 34
176 217 66
176 382 8
177 380 63
177 357 10
177 233 54
177 429 66
177 307 96
177 184 86
177 284 25
177 379 41
177 252 40
178 201 76
178 313 37
179 344 84
179 391 97
179 268 92
179 430 30
179 343 16
179 314 47
179 272 1
179 222 46
179 422 81
180 354 14
180 220 35
180 249 61
180 396 14
180 206 81
180 240 6
181 257 7
181 212 79
181 423 37
181 312 66
181 185 25
181 234 8
181 379 18
181 184 47
182 387 17
182 343 62
182 242 72
182 422 58
182 440 98
182 367 71
182 272 33
182 274 23
182 221 72
182 287 81
182 384 51
183 325 27
183 306 53
183 329 41
183 394 56
183 301 39
183 210 80
183 308 27
183 218 68
183 282 93
183 413 23
183 187 78
183 448 66
184 252 72
184 307 50
184 212 51
184 278 34
184 379 81
184 188 69
185 194 87
185 387 29
185 263 100
185 299 27
185 212 46
185 278 33
185 312 21
185 186 45
186 212 85
186 278 92
186 387 81
186 307 100
186 294 63
187 394 72
187 325 4
187 413 1
187 301 97
187 210 51
187 308 59
187 282 25
187 218 59
187 448 9
188 449 87
188 355 2
188 357 96
188 427 75
188 376 49
188 429 58
188 307 59
189 417 31
189 228 66
189 377 12
189 345 37
189 445 97
189 236 52
189 428 81
190 442 61
190 241 28
190 373 18
191 273 10
191 420 49
191 309 3
191 318 6
192 292 9
192 359 53
192 426 62
192 397 55
192 302 100
192 335 64
192 339 34
192 341 44
192 229 95
192 317 96
192 286 55
193 305 16
193 338 24
193 244 92
193 245 35
193 362 66
193 217 46
193 297 7
193 382 4
194 387 6
194 422 77
194 263 64
194 314 23
194 312 2
194 299 35
195 392 98
195 398 68
195 399 30
195 305 45
195 277 11
195 280 33
195 217 39
195 245 32
195 251 7
195 315 50
196 343 62
196 391 10
196 268 59
196 333 50
196 272 85
196 274 18
196 412 83
196 222 52
197 321 75
197 300 70
197 303 21
197 375 19
197 350 38
198 412 18
198 424 75
198 333 72
198 431 77
198 254 51
198 276 32
198 439 76
198 248 55
199 337 68
199 201 81
199 202 11
199 238 78
199 313 67
199 288 52
200 257 57
200 389 78
200 423 10
200 280 12
200 234 15
201 313 7
201 238 70
201 288 79
202 337 10
202 313 64
203 418 57
203 326 54
203 358 68
203 406 37
203 304 22
204 290 50
204 247 85
204 232 49
204 337 51
204 415 32
204 250 46
204 256 25
205 260 47
205 421 7
205 361 81
205 365 2
205 334 12
205 271 18
205 336 79
205 209 42
205 220 82
206 354 59
206 421 25
206 396 72
206 369 69
206 249 16
206 220 13
207 388 94
207 389 83
207 262 73
207 264 3
207 338 65
207 243 72
207 285 44
208 323 95
208 226 54
208 330 58
208 363 20
208 405 78
208 310 66
208 213 73
208 251 22
208 319 6
209 260 49
209 361 20
209 220 66
209 365 32
209 334 83
209 271 99
209 336 52
210 329 93
210 301 36
210 218 22
210 249 84
210 282 20
210 413 69
211 327 67
211 295 45
211 339 13
211 341 50
211 279 19
211 281 88
211 378 6
211 255 68
212 307 45
212 278 81
212 234 45
212 379 28
213 226 13
213 323 50
213 277 70
213 310 63
213 311 34
213 410 59
213 315 50
213 251 64
213 319 53
214 401 20
215 289 97
215 406 45
215 407 88
216 402 13
216 230 98
216 394 92
217 297 89
217 362 89
217 399 80
217 305 85
217 338 31
217 245 56
218 329 8
218 394 89
218 301 70
218 308 58
218 282 74
218 413 53
219 353 87
219 371 36
220 354 24
220 396 22
220 334 34
220 421 23
220 365 68
221 418 44
221 440 42
221 242 46
221 366 89
221 287 2
221 384 68
222 391 5
222 268 77
222 333 70
222 431 90
222 272 53
222 343 16
222 422 38
223 290 28
223 266 59
223 250 1
224 450 7
224 291 8
224 264 39
224 362 56
224 338 72
224 244 32
224 409 67
224 347 45
224 352 12
225 386 73
225 293 90
225 322 82
225 340 16
225 372 31
225 433 45
225 348 69
225 351 8
226 323 17
226 330 64
226 363 55
226 227 88
226 405 39
226 310 93
226 251 20
226 319 32
227 298 91
227 331 43
227 405 73
227 310 23
227 251 64
227 363 58
227 330 8
228 417 76
228 345 56
228 236 45
228 377 83
228 428 72
228 445 64
228 414 80
229 231 83
229 359 6
229 426 41
229 317 65
229 267 27
229 302 45
230 301 22
230 415 17
230 247 5
230 256 77
231 335 93
231 359 22
231 426 24
231 317 100
231 302 11
232 290 18
232 402 98
232 250 93
232 415 38
232 256 23
233 380 91
233 252 66
233 284 51
234 257 48
234 263 45
234 423 26
234 312 66
234 388 60
235 393 7
236 377 73
236 428 26
236 344 18
236 345 26
236 445 14
236 444 13
236 414 84
237 280 81
237 392 77
237 410 67
237 398 93
237 383 68
238 288 45
239 247 21
239 411 71
239 240 86
240 354 53
240 411 19
241 325 42
241 394 2
241 306 31
241 442 80
241 448 67
242 366 68
242 367 76
242 274 24
242 440 67
242 287 90
242 384 73
243 388 18
243 389 50
243 262 96
243 264 61
243 285 42
244 450 59
244 291 59
244 264 89
244 362 41
244 338 59
244 409 53
244 352 36
244 347 85
245 392 15
245 297 8
245 399 57
245 305 11
245 251 7
246 339 52
246 295 98
246 342 5
246 279 70
246 360 54
246 378 22
246 407 25
247 411 3
247 415 68
247 256 98
248 424 66
248 431 85
248 276 35
248 374 89
248 439 29
248 412 24
248 254 51
249 354 74
249 396 70
249 301 19
249 413 72
250 402 74
250 290 6
250 266 48
250 256 30
251 363 18
251 323 82
251 405 26
251 310 87
251 315 60
252 380 45
252 357 71
252 429 28
252 307 82
252 379 36
252 284 29
253 425 79
253 296 73
253 356 6
253 283 74
253 404 61
253 447 49
254 424 62
254 308 85
254 430 99
254 431 29
254 276 80
254 374 30
254 439 43
254 412 33
255 322 67
255 295 67
255 327 1
255 372 100
255 341 48
255 279 5
255 281 77
255 351 70
256 290 94
256 402 39
256 415 66
257 423 20
257 280 67
257 383 43
258 303 100
258 390 16
258 265 99
259 386 99
259 348 54
259 437 17
259 425 41
259 447 98
260 421 21
260 361 23
260 271 5
260 336 29
261 327 61
261 273 60
261 309 100
262 338 90
262 264 16
262 362 41
262 389 44
263 388 85
263 312 87
263 299 72
263 285 56
264 450 13
264 291 4
264 362 9
264 338 52
264 409 4
264 347 85
264 352 73
265 390 94
265 316 91
265 416 5
266 290 11
267 426 79
267 368 13
267 400 57
268 343 67
268 422 64
268 391 33
268 272 62
268 314 14
269 324 98
269 300 86
269 320 47
270 275 43
271 361 23
271 336 2
272 343 29
272 422 41
272 391 30
272 274 60
272 287 94
273 296 94
273 425 92
273 309 11
273 441 72
273 437 5
273 318 35
274 422 56
274 391 24
274 287 45
274 343 20
274 440 77
274 384 58
275 400 94
275 368 98
276 424 63
276 430 37
276 414 19
276 374 71
276 439 44
276 431 16
276 412 55
277 392 20
277 398 56
277 311 70
277 410 89
277 315 37
278 294 69
278 307 15
278 387 79
279 295 97
279 360 94
279 339 88
279 407 67
279 281 95
279 378 32
279 342 32
280 389 61
280 423 5
280 392 98
280 398 26
280 399 98
280 383 82
281 322 4
281 295 21
281 360 82
281 372 68
281 339 42
281 341 98
281 378 12
281 351 68
282 329 69
282 394 34
282 413 41
282 308 98
282 414 27
282 448 23
283 404 1
283 441 11
283 296 35
283 425 96
283 447 56
284 380 11
285 388 60
286 292 70
286 341 68
286 317 43
286 397 38
286 335 2
287 391 85
287 360 3
287 440 7
287 342 40
287 384 95
288 313 64
289 407 17
289 406 62
290 402 76
291 450 69
291 362 76
291 338 62
291 409 34
291 352 8
291 347 3
292 397 80
292 317 15
292 335 8
293 322 64
293 386 25
293 372 95
293 433 41
293 435 17
293 340 2
293 348 7
293 351 2
294 376 12
294 355 86
294 307 68
294 419 26
295 360 78
295 372 36
295 339 18
295 351 47
295 378 98
295 342 100
296 425 11
296 404 91
296 309 15
296 441 13
296 437 38
296 447 28
297 305 11
297 331 83
297 382 32
298 405 90
298 363 33
298 331 44
299 387 93
299 312 27
299 367 25
300 321 87
300 375 2
300 350 38
300 320 57
301 394 57
301 413 10
302 359 90
302 317 17
302 426 27
302 335 72
303 321 60
303 350 56
303 375 4
303 443 44
304 418 100
304 419 61
304 358 50
304 366 33
304 406 63
304 381 4
304 326 47
305 362 97
305 399 67
305 338 19
306 394 92
306 325 1
306 308 77
306 442 30
306 448 80
307 449 26
307 355 40
307 357 88
307 429 86
307 379 23
308 325 57
308 439 3
308 424 59
308 329 84
308 394 21
308 374 66
308 448 68
309 425 76
309 437 79
309 441 70
309 318 31
310 330 81
310 363 64
310 323 77
310 405 97
310 319 50
310 315 67
311 323 8
311 410 64
311 315 54
312 388 17
313 337 77
314 422 66
314 344 45
314 444 56
315 392 46
315 323 59
315 410 34
316 403 1
316 416 2
317 359 64
317 426 94
317 397 6
317 335 68
318 420 47
319 323 70
319 330 69
320 324 90
320 350 56
320 373 95
321 350 12
321 375 61
322 433 30
322 327 7
322 386 85
322 372 62
322 348 72
322 351 35
323 330 82
323 405 96
324 373 12
325 394 4
325 442 13
325 448 30
326 358 98
327 341 93
327 437 13
328 385 66
328 358 22
328 438 69
329 345 45
329 413 22
329 414 44
330 405 24
330 363 2
331 363 63
331 382 46
332 434 70
332 435 20
332 436 16
332 364 98
332 356 12
332 348 7
332 432 47
333 391 9
333 431 82
333 340 44
333 412 27
334 354 55
334 365 42
335 426 33
335 359 29
335 397 32
336 361 100
338 389 15
338 362 21
339 341 66
339 407 22
339 378 55
340 386 48
340 433 49
340 435 55
342 360 46
342 378 52
342 407 68
342 384 30
343 422 70
343 391 15
344 444 99
344 430 37
345 417 43
345 428 20
345 377 37
345 445 51
345 414 29
346 369 86
346 417 47
346 421 71
346 370 33
346 349 69
346 445 26
346 352 24
347 450 57
347 409 71
348 386 91
348 435 51
348 433 32
349 417 6
349 369 100
349 421 7
349 370 38
349 445 10
349 352 93
350 373 80
350 375 72
351 360 55
351 372 88
351 433 41
352 417 44
352 450 94
352 428 16
352 370 53
352 409 68
353 371 63
353 446 23
354 396 17
355 449 63
355 381 30
355 427 35
355 429 40
355 419 65
355 376 100
356 434 47
356 443 78
356 436 31
356 432 27
357 449 92
357 427 36
357 429 14
357 376 69
358 385 45
359 426 6
360 378 7
360 384 13
362 450 4
362 389 29
363 405 73
364 434 79
364 435 60
364 432 74
364 436 24
366 406 81
366 440 68
366 418 82
367 387 90
367 440 8
367 422 41
368 400 91
369 417 95
369 421 2
369 396 6
369 370 47
370 417 6
370 421 53
370 445 7
371 403 24
371 446 27
372 386 11
372 433 84
373 442 16
374 424 47
374 439 74
374 448 100
376 449 94
376 427 37
376 429 22
376 419 42
376 438 72
376 381 3
377 417 10
377 428 49
377 445 26
378 407 67
380 383 13
381 419 89
381 438 16
383 423 13
383 392 21
383 398 85
383 399 62
384 440 62
385 438 35
386 433 48
386 435 21
387 422 86
389 423 67
392 398 27
392 399 15
392 410 11
394 448 93
395 404 59
395 446 7
396 421 15
398 399 12
398 410 7
404 425 31
404 441 59
404 447 5
406 418 47
409 450 46
412 424 36
412 431 74
414 430 82
417 421 47
417 445 48
424 430 47
424 431 52
424 439 54
425 441 12
425 437 47
425 447 55
427 449 38
427 429 24
428 445 64
429 449 3
430 444 35
430 431 94
431 439 42
432 436 90
432 434 73
432 435 10
432 443 45
433 435 50
434 435 47
434 436 17
435 436 23
437 441 88
437 447 26
438 449 86
441 447 53
10
1
1
1 2
1 2 3 4
1 2 3 4 5 6 7 8
1 2 3 4 5 6 7 8 9 10 11 12 13 14 15
1 2 3 4 5 6 7 8 9 10 11 12 13 14 15 16 17 18 19 20 21 22 23 24 25 26 27 28 29
1 2 3 4 5 6 7 8 9 10 11 12 13 14 15 16 17 18 19 20 21 22 23 24 25 26 27 28 29 30 31 32 33 34 35 36 37 38 39 40 41 42 43 44 45 46 47 48 49 50 51 52 53 54 55 56 57
1 2 3 4 5 6 7 8 9 10 11 12 13 14 15 16 17 18 19 20 21 22 23 24 25 26 27 28 29 30 31 32 33 34 35 36 37 38 39 40 41 42 43 44 45 46 47 48 49 50 51 52 53 54 55 56 57 58 59 60 61 62 63 64 65 66 67 68 69 70 71 72 73 74 75 76 77 78 79 80 81 82 83 84 85 86 87 88 89 90 91 92 93 94 95 96 97 98 99 100 101 102 103 104 105 106 107 108 109 110 111 112 113
1 2 3 4 5 6 7 8 9 10 11 12 13 14 15 16 17 18 19 20 21 22 23 24 25 26 27 28 29 30 31 32 33 34 35 36 37 38 39 40 41 42 43 44 45 46 47 48 49 50 51 52 53 54 55 56 57 58 59 60 61 62 63 64 65 66 67 68 69 70 71 72 73 74 75 76 77 78 79 80 81 82 83 84 85 86 87 88 89 90 91 92 93 94 95 96 97 98 99 100 101 102 103 104 105 106 107 108 109 110 111 112 113 114 115 116 117 118 119 120 121 122 123 124 125 126 127 128 129 130 131 132 133 134 135 136 137 138 139 140 141 142 143 144 145 146 147 148 149 150 151 152 153 154 155 156 157 158 159 160 161 162 163 164 165 166 167 168 169 170 171 172 173 174 175 176 177 178 179 180 181 182 183 184 185 186 187 188 189 190 191 192 193 194 195 196 197 198 199 200 201 202 203 204 205 206 207 208 209 210 211 212 213 214 215 216 217 218 219 220 221 222 223 224 225
