2893
1 459 50
1 103 72
2 481 26
2 450 87
2 359 67
2 488 18
2 265 69
2 140 64
2 334 23
2 84 9
2 278 93
2 314 39
2 122 75
2 316 40
2 479 86
2 248 82
3 384 16
3 124 51
3 199 44
3 391 15
3 439 6
3 315 5
3 299 39
3 28 67
3 205 3
3 283 85
3 46 83
4 449 93
4 371 54
4 332 62
4 37 38
4 151 84
4 108 99
4 317 31
4 446 57
4 79 25
5 321 21
5 236 6
5 69 18
5 70 57
5 7 63
5 273 59
5 210 62
5 214 29
5 152 40
5 347 98
5 209 25
5 290 32
5 419 7
5 169 26
5 172 93
5 237 25
5 366 80
5 496 74
5 250 85
5 128 56
5 63 11
5 256 26
6 451 66
6 380 25
6 437 62
6 452 59
6 456 96
6 416 53
6 200 3
6 243 7
6 207 50
6 400 33
7 353 34
7 290 59
7 172 72
7 69 30
7 70 42
7 169 52
7 96 99
7 236 72
7 333 20
7 273 7
7 496 51
7 209 18
7 210 22
7 250 77
7 345 78
7 154 59
7 256 9
7 255 59
7 128 22
8 243 12
8 117 6
8 456 78
8 457 93
8 109 59
8 141 1
8 451 55
8 15 100
8 400 28
9 449 94
9 130 33
9 275 17
9 447 73
9 411 69
9 332 47
9 467 16
9 271 63
10 146 60
10 375 24
10 458 20
10 491 96
10 348 22
10 379 92
11 225 43
11 417 82
11 259 27
11 228 7
11 293 41
11 42 22
11 427 70
11 396 62
11 241 78
11 466 51
11 189 4
11 344 2
11 221 33
11 184 93
12 322 62
12 99 13
12 72 96
12 422 40
12 424 3
12 137 34
12 43 63
12 328 70
12 131 24
12 175 90
12 432 58
12 50 61
12 403 82
12 58 62
12 57 25
12 121 38
12 155 26
12 304 67
12 159 16
12 294 94
13 385 12
13 386 24
13 394 29
13 337 3
13 276 72
13 181 1
13 279 89
13 280 51
13 123 95
13 252 79
13 286 64
13 95 83
13 64 39
14 455 3
14 487 63
14 44 40
14 207 2
14 272 28
14 274 71
14 437 53
14 239 40
14 88 75
14 309 90
14 187 13
14 416 82
15 354 16
15 243 31
15 196 91
15 77 54
15 363 100
15 400 32
15 109 67
15 451 51
15 415 60
15 448 39
16 146 96
16 52 59
16 117 22
16 457 49
16 456 36
16 377 27
16 141 66
16 491 81
16 348 90
16 365 87
16 306 56
17 361 41
17 36 12
17 327 48
17 263 49
17 183 17
17 185 55
17 235 75
17 470 40
17 62 2
17 319 74
17 270 51
18 125 55
18 307 43
18 132 33
18 86 6
18 170 28
18 346 88
18 173 53
18 198 49
19 370 86
19 51 74
19 116 64
19 310 73
19 119 36
19 425 86
19 399 83
19 102 76
20 35 61
20 228 33
20 293 91
20 426 36
20 427 32
20 142 11
20 466 13
20 356 70
20 246 40
20 186 17
20 285 82
20 374 1
21 289 81
21 65 11
21 323 3
21 262 31
21 231 94
21 94 42
21 180 60
21 217 64
21 474 7
21 27 92
21 158 18
21 38 13
22 473 60
22 149 95
22 382 31
22 479 93
22 24 75
23 67 15
23 485 28
23 78 7
23 494 96
23 298 13
23 440 86
23 269 87
23 174 75
23 431 38
23 48 94
23 340 50
23 472 71
23 176 76
23 91 38
23 60 53
23 478 20
23 362 73
24 149 45
24 343 86
24 473 65
24 122 7
24 359 63
24 316 31
24 477 75
24 382 58
24 479 36
25 193 82
25 145 88
25 68 87
25 498 54
25 161 11
25 339 93
25 112 49
25 81 22
25 178 60
25 211 64
25 373 27
25 56 8
25 245 49
25 475 92
25 464 58
25 31 26
26 148 99
26 408 68
26 414 36
26 61 83
26 204 99
26 29 50
26 110 25
26 144 20
27 323 27
27 261 100
27 262 58
27 329 60
27 330 90
27 325 9
27 147 10
27 180 69
27 217 7
27 474 8
27 352 36
27 158 49
27 32 1
28 439 2
28 199 63
28 315 89
28 299 67
28 46 4
29 318 2
29 414 62
29 61 93
29 110 70
29 398 37
30 162 99
30 383 71
31 161 25
31 401 67
31 68 41
31 178 57
31 464 55
31 211 11
31 112 39
31 81 73
31 153 92
31 339 75
31 215 71
31 56 72
31 475 93
31 476 44
32 387 31
32 325 88
32 329 55
32 330 19
32 268 80
32 463 68
32 80 80
32 158 8
32 147 92
32 474 21
32 251 84
32 352 49
33 321 50
33 419 51
33 213 99
33 214 38
33 375 87
33 89 62
33 379 46
33 366 67
33 63 27
33 368 73
34 386 50
34 181 24
34 165 85
34 326 20
34 73 79
34 64 7
34 204 11
34 493 73
34 336 42
35 225 40
35 466 54
35 293 78
35 246 18
35 228 27
35 426 94
35 411 53
35 142 75
35 427 54
36 392 27
36 327 34
36 370 80
36 361 97
36 76 70
36 270 59
36 425 61
36 51 45
36 308 18
36 438 98
36 183 80
36 249 40
36 218 21
36 185 23
36 62 31
37 108 83
37 371 61
37 486 59
37 151 64
37 332 85
37 317 69
37 446 47
37 79 29
38 405 91
38 231 72
38 277 20
38 192 6
38 94 29
38 480 29
39 338 55
39 444 72
39 229 87
39 66 27
39 409 1
39 220 8
39 168 90
39 127 87
39 224 72
40 100 10
40 70 53
40 295 69
40 393 44
40 300 35
40 114 36
40 388 89
40 247 37
40 56 18
40 154 96
40 96 48
40 492 1
40 476 77
40 390 93
41 337 13
41 194 83
41 276 52
41 95 28
41 279 25
41 123 16
41 124 34
41 46 76
41 468 16
41 240 67
42 241 5
42 225 76
42 259 10
42 396 96
42 344 59
42 221 38
42 188 55
42 189 14
42 184 29
42 126 30
43 99 21
43 163 92
43 294 52
43 328 84
43 424 80
43 131 21
43 175 34
43 304 56
43 50 88
43 403 6
43 121 20
43 155 22
43 159 75
44 197 77
44 454 8
44 487 59
44 296 64
44 302 47
44 272 94
44 433 75
44 274 65
44 372 86
44 309 96
44 88 16
44 187 33
45 482 42
45 163 68
45 484 61
45 72 24
45 266 67
45 75 9
45 303 67
45 304 99
45 82 34
45 155 48
45 223 12
45 288 80
46 194 14
46 391 18
46 199 19
46 205 18
46 240 91
46 439 7
46 315 79
46 124 32
46 123 7
46 384 80
47 120 11
47 500 55
47 357 37
47 188 88
47 208 52
48 67 72
48 60 24
48 485 75
48 298 81
48 176 23
48 435 54
48 150 80
48 440 91
48 91 43
48 92 33
48 478 37
48 362 70
49 164 6
49 471 57
49 442 62
49 381 9
49 376 49
49 317 16
49 254 66
50 66 94
50 328 30
50 220 83
50 229 93
50 424 19
50 137 53
50 175 36
50 338 5
50 403 4
50 57 89
50 121 87
50 444 52
50 159 85
51 119 67
51 425 21
51 490 8
51 76 48
51 399 73
51 370 11
51 116 3
51 310 85
51 183 28
51 185 48
51 218 42
52 257 59
52 226 14
52 306 49
52 107 64
52 365 15
52 462 51
52 495 98
52 434 71
52 436 72
52 117 13
52 111 76
52 377 98
52 222 62
52 351 11
53 353 33
53 402 16
53 133 35
53 54 83
53 216 86
53 73 36
53 98 49
53 242 34
53 413 27
53 110 73
53 206 64
54 98 45
54 133 97
54 263 40
54 71 9
54 460 35
54 397 49
54 398 84
54 402 63
54 118 49
54 216 99
54 413 19
54 318 28
55 305 30
55 129 92
55 483 28
55 212 64
55 156 25
55 134 54
55 423 1
55 378 70
55 412 47
55 349 8
55 319 46
56 401 59
56 68 62
56 295 44
56 391 76
56 498 32
56 299 3
56 205 79
56 339 10
56 464 65
56 81 45
56 178 32
56 211 52
56 247 80
56 283 74
56 476 26
56 384 39
57 131 43
57 389 2
57 294 54
57 137 67
57 403 40
57 175 71
57 432 93
57 338 75
57 179 98
57 182 85
57 121 68
57 220 46
57 159 33
58 322 90
58 131 97
58 294 77
58 72 72
58 297 83
58 138 47
58 75 79
58 432 17
58 404 38
58 85 63
58 155 98
58 304 54
58 422 77
59 433 33
59 292 28
59 132 18
59 166 13
59 136 29
59 197 28
59 219 55
59 173 35
59 302 29
59 358 68
60 67 1
60 485 86
60 362 72
60 171 57
60 176 13
60 435 76
60 150 19
60 91 80
60 92 18
60 478 28
61 98 39
61 148 92
61 408 27
61 204 81
61 110 6
61 414 96
61 144 96
62 438 96
62 263 21
62 327 32
62 392 9
62 361 42
62 490 2
62 76 9
62 270 72
62 399 3
62 370 16
62 470 43
62 311 62
62 185 18
62 183 54
63 321 3
63 419 46
63 172 85
63 407 86
63 169 47
63 236 48
63 237 31
63 366 65
63 368 9
63 213 52
63 214 19
63 375 40
63 89 83
63 379 31
63 256 31
63 128 70
64 386 23
64 291 57
64 394 8
64 493 55
64 336 53
64 181 57
64 301 89
64 469 65
64 252 4
64 286 57
65 289 67
65 323 55
65 180 61
65 231 56
65 135 23
65 313 87
65 106 75
65 125 76
65 355 35
65 262 25
66 444 5
66 229 87
66 338 12
66 137 24
66 168 10
66 462 22
66 175 5
66 409 85
66 220 64
66 253 46
66 127 73
66 224 69
67 176 63
67 362 71
67 269 55
67 430 20
67 435 96
67 340 85
67 440 88
67 92 26
67 287 38
68 401 25
68 407 90
68 211 23
68 464 32
68 81 69
68 153 81
68 339 45
68 215 40
68 475 36
68 476 48
69 129 2
69 353 95
69 133 30
69 134 36
69 460 50
69 496 67
69 402 51
69 212 89
69 118 14
69 216 89
69 441 73
69 250 57
69 156 50
69 152 91
69 255 38
69 378 98
70 401 1
70 300 89
70 210 5
70 169 32
70 250 90
70 96 78
70 492 78
70 237 93
70 290 9
70 273 86
70 114 37
70 236 61
70 154 84
70 345 55
70 256 4
70 333 22
70 128 34
71 263 63
71 308 51
71 438 12
71 327 39
71 392 95
71 398 62
71 318 66
71 397 22
71 270 33
72 482 23
72 131 73
72 422 17
72 322 57
72 297 10
72 138 6
72 75 26
72 99 50
72 432 37
72 404 96
72 85 74
72 155 53
72 304 6
72 294 35
73 165 84
73 326 8
73 360 34
73 105 98
73 204 84
73 110 55
73 144 9
73 242 69
73 206 70
73 98 71
73 336 42
73 413 6
74 305 62
74 374 51
74 104 87
74 349 72
74 282 17
74 461 100
74 142 38
74 143 12
75 482 31
75 484 7
75 422 52
75 304 23
75 404 17
75 85 78
75 155 59
75 223 67
75 288 20
76 119 45
76 370 61
76 425 56
76 490 5
76 399 91
76 361 43
76 116 22
76 310 27
76 183 74
76 185 61
76 218 53
77 354 25
77 196 85
77 104 77
77 461 68
77 363 24
77 109 38
77 448 80
77 143 55
77 282 72
77 160 63
77 415 20
77 374 61
78 174 1
78 478 61
78 485 81
78 342 88
78 472 50
78 298 37
78 91 48
78 139 72
78 431 46
78 494 95
79 371 1
79 108 73
79 486 81
79 151 41
79 332 19
79 317 53
80 387 73
80 260 89
80 325 25
80 198 100
80 232 26
80 329 26
80 158 24
80 113 93
80 147 28
80 372 99
80 309 66
80 262 19
80 261 98
80 251 53
80 187 22
80 352 16
81 464 42
81 211 94
81 401 69
81 178 96
81 339 95
81 215 25
81 153 99
81 475 37
81 112 52
81 476 62
82 482 49
82 99 41
82 484 87
82 266 92
82 163 53
82 303 18
82 304 56
82 499 66
82 155 62
82 191 26
82 288 92
83 195 8
83 341 23
83 342 90
83 101 45
83 139 89
83 227 48
83 192 95
84 450 87
84 278 53
84 488 47
84 140 57
84 334 72
85 422 64
85 297 48
85 138 24
85 203 28
85 429 67
85 367 51
85 404 61
85 87 64
85 410 60
85 230 66
86 323 50
86 132 42
86 346 14
86 170 96
86 125 32
86 307 1
87 162 61
87 404 9
87 230 68
87 138 33
87 297 7
87 410 27
87 429 100
87 367 59
88 197 27
88 454 3
88 487 29
88 296 100
88 302 63
88 239 19
88 272 55
88 433 26
88 274 56
88 372 71
88 309 23
88 187 42
89 209 7
89 321 3
89 419 42
89 214 87
89 375 33
89 347 83
89 160 74
89 368 20
90 229 88
90 264 71
90 453 59
90 312 99
90 253 84
90 462 46
90 320 41
91 176 25
91 485 15
91 298 7
91 472 7
91 431 61
91 440 87
91 92 46
91 478 24
91 362 53
92 324 69
92 150 91
92 362 31
92 171 86
92 176 24
92 435 82
92 287 30
93 369 19
93 452 42
93 200 80
93 267 85
93 380 78
93 445 49
93 430 27
94 195 30
94 231 49
94 474 98
94 480 9
94 277 93
94 192 100
95 385 88
95 194 100
95 252 30
95 394 97
95 468 50
95 240 8
95 337 56
95 276 76
95 279 97
95 280 61
95 123 99
95 124 92
96 290 24
96 492 4
96 360 42
96 105 70
96 250 53
96 210 75
96 236 47
96 333 23
96 273 31
96 114 49
96 100 41
96 300 60
96 345 15
96 154 6
96 476 85
97 161 69
97 498 41
97 244 56
97 373 9
97 439 40
97 178 31
97 283 29
97 315 48
97 193 16
97 299 47
97 112 92
98 133 52
98 402 65
98 204 19
98 206 42
98 110 96
98 242 25
98 216 23
98 413 85
99 482 72
99 163 32
99 484 95
99 294 38
99 424 49
99 304 22
99 191 65
99 328 28
99 155 3
99 159 53
100 388 59
100 165 5
100 390 40
100 295 19
100 360 89
100 105 4
100 393 78
100 114 92
100 247 61
100 154 46
100 300 68
100 476 61
100 492 17
101 174 17
101 195 67
101 341 12
101 342 16
101 474 9
101 330 88
101 139 56
101 494 73
102 443 41
102 376 47
103 459 58
103 223 92
104 354 65
104 196 82
104 461 73
104 143 66
104 374 87
104 282 52
104 448 19
104 349 54
104 415 51
104 160 49
105 290 75
105 165 28
105 114 86
105 300 42
105 333 83
105 206 38
105 360 67
105 242 58
105 250 37
105 345 49
105 154 78
105 492 80
106 289 71
106 355 2
106 135 49
106 313 77
106 125 63
107 257 48
107 226 60
107 365 63
107 436 21
107 495 39
107 462 90
107 434 45
107 111 41
107 312 60
107 377 98
107 314 12
107 222 82
107 351 13
108 449 32
108 371 95
108 151 80
108 332 59
108 317 74
108 446 20
108 126 73
109 146 58
109 458 45
109 196 50
109 415 33
109 141 57
109 491 84
109 348 9
110 206 94
110 326 99
110 204 17
110 413 69
110 144 51
111 257 6
111 226 49
111 201 22
111 365 37
111 495 69
111 497 4
111 434 39
111 436 82
111 377 7
111 222 93
111 351 58
112 193 43
112 498 93
112 145 83
112 161 2
112 464 44
112 178 38
112 211 83
112 373 27
112 406 50
112 245 38
112 475 17
113 198 12
113 132 42
113 325 96
113 262 36
113 261 23
113 296 13
113 260 72
113 372 56
113 323 68
113 433 19
113 180 10
113 197 32
113 251 99
113 232 58
113 352 64
114 290 94
114 165 91
114 360 63
114 492 64
114 333 74
114 206 79
114 242 39
114 300 71
114 154 32
114 345 61
114 250 50
115 258 37
115 389 28
115 167 21
115 168 93
115 234 10
115 145 35
115 177 49
115 179 24
115 465 2
115 245 19
115 475 30
115 220 86
115 157 93
115 127 72
116 311 31
116 425 26
116 490 17
116 399 92
116 370 43
116 310 27
116 119 53
116 218 36
116 183 99
117 456 43
117 306 6
117 457 88
117 365 88
117 491 40
117 141 81
117 146 35
117 377 72
117 348 38
118 353 95
118 129 56
118 133 55
118 134 57
118 460 45
118 397 63
118 496 97
118 402 71
118 212 6
118 216 86
118 441 43
118 378 98
118 156 95
118 255 17
119 425 41
119 490 97
119 399 20
119 370 84
119 310 45
119 183 10
119 185 72
119 218 89
120 418 45
120 324 88
120 171 11
120 188 74
120 208 94
121 322 49
121 131 83
121 389 6
121 294 78
121 137 94
121 175 74
121 432 3
121 403 7
121 182 28
121 159 27
122 359 19
122 488 29
122 140 91
122 149 30
122 343 88
122 473 10
122 316 88
122 382 34
122 479 44
122 320 78
123 194 42
123 388 27
123 391 58
123 199 79
123 240 93
123 468 69
123 279 97
123 124 89
123 390 68
124 194 28
124 388 10
124 390 24
124 199 20
124 205 57
124 240 72
124 468 44
124 384 82
124 391 85
125 289 19
125 323 98
125 180 53
125 135 42
125 313 95
125 346 73
126 449 16
126 225 7
126 259 68
126 396 59
126 500 50
126 446 49
126 241 25
126 371 90
126 189 2
126 344 49
126 221 42
126 184 17
127 220 23
127 168 35
127 177 5
127 338 19
127 409 96
127 379 4
127 444 25
127 157 83
127 224 84
128 321 85
128 273 88
128 419 7
128 236 5
128 169 19
128 172 8
128 237 37
128 366 40
128 368 82
128 209 58
128 210 28
128 214 58
128 152 88
128 347 5
128 256 20
129 319 48
129 483 62
129 156 24
129 134 52
129 460 88
129 397 82
129 212 56
129 441 71
129 378 79
129 412 16
129 255 70
130 275 83
130 335 76
130 271 66
130 411 43
130 467 44
130 447 98
130 470 94
131 322 20
131 422 54
131 138 96
131 175 94
131 432 58
131 403 77
131 182 34
131 159 7
131 294 53
132 433 47
132 323 71
132 260 67
132 197 97
132 198 16
132 261 80
132 232 9
132 170 27
132 173 59
132 307 19
132 292 85
132 346 85
132 358 55
133 353 76
133 242 46
133 460 66
133 206 90
133 496 13
133 402 93
133 212 37
133 216 72
133 441 80
133 413 57
133 255 34
134 483 84
134 156 37
134 460 93
134 496 24
134 255 59
134 212 30
134 152 37
134 441 15
134 378 48
134 412 19
134 319 68
135 289 45
135 355 49
135 405 95
135 231 70
135 313 12
136 307 4
136 173 67
136 358 82
137 220 2
137 229 34
137 168 25
137 175 74
137 338 40
137 403 96
137 389 70
137 444 21
137 159 5
138 162 54
138 294 76
138 322 54
138 297 19
138 432 28
138 404 82
138 410 93
138 422 24
139 298 6
139 331 19
139 440 25
139 431 82
139 494 29
139 174 42
139 340 90
139 341 83
139 342 45
139 472 55
139 330 49
140 450 99
140 278 35
140 359 81
140 488 41
140 265 21
140 334 40
141 400 9
141 456 85
141 306 63
141 457 2
141 491 55
141 365 86
141 146 32
141 377 86
141 348 36
142 305 34
142 246 7
142 423 8
142 356 60
142 349 98
142 420 15
142 143 83
142 374 46
143 374 8
143 282 49
143 349 46
143 461 15
143 415 90
143 448 77
144 148 80
144 326 7
144 408 22
144 204 13
144 414 17
145 258 100
145 389 41
145 211 24
145 464 24
145 465 72
145 179 97
145 245 66
145 406 40
145 475 62
145 157 23
146 306 72
146 458 7
146 377 5
146 491 22
146 348 14
147 387 34
147 325 84
147 262 32
147 329 57
147 330 29
147 268 10
147 463 47
147 217 81
147 474 55
147 251 18
147 158 86
147 352 12
148 408 58
148 414 100
149 343 26
149 359 13
149 473 29
149 316 37
149 477 87
149 382 96
149 479 37
150 418 46
150 435 37
150 324 42
150 362 42
150 171 70
150 287 66
151 486 83
151 376 44
151 381 9
151 443 56
151 332 95
151 317 77
152 321 99
152 172 35
152 256 31
152 209 17
152 214 58
152 378 45
152 347 27
152 156 46
153 465 83
153 407 89
153 167 83
153 258 58
153 234 52
153 177 46
153 237 3
153 366 87
153 401 93
153 339 11
153 213 17
153 215 50
153 245 76
153 475 80
154 290 83
154 360 5
154 333 96
154 273 26
154 210 70
154 250 90
154 345 11
154 300 68
154 492 86
155 482 49
155 484 53
155 294 26
155 424 93
155 163 79
155 304 88
155 328 30
155 288 37
156 483 65
156 460 59
156 496 27
156 209 50
156 212 64
156 441 43
156 378 97
156 347 76
156 412 26
156 255 22
157 465 12
157 258 8
157 179 13
157 220 46
157 389 6
157 168 5
157 245 59
157 177 12
158 387 62
158 261 18
158 262 42
158 325 77
158 329 100
158 330 72
158 463 37
158 180 41
158 217 50
158 474 55
158 251 52
158 352 55
159 322 89
159 294 66
159 328 57
159 424 80
159 175 48
159 432 17
159 403 54
160 214 7
160 282 87
160 461 34
160 368 56
161 193 55
161 498 6
161 178 21
161 211 63
161 373 50
161 406 85
161 475 94
161 464 96
162 297 65
162 410 85
163 482 96
163 484 97
163 328 55
163 424 82
163 304 76
163 499 11
163 281 2
163 191 15
164 471 43
164 202 100
164 317 39
164 254 21
164 381 5
164 190 8
165 386 31
165 393 18
165 360 73
165 336 98
166 481 20
166 450 39
166 292 51
166 197 69
166 454 11
166 487 91
166 265 17
166 302 35
166 239 84
166 334 60
166 497 27
166 274 91
166 248 45
166 201 3
166 219 40
167 258 91
167 375 98
167 407 28
167 234 7
167 366 41
167 177 93
167 465 47
167 215 67
167 213 25
167 475 66
167 379 94
168 220 77
168 229 5
168 175 100
168 338 67
168 409 29
168 444 47
168 224 26
169 321 4
169 209 81
169 419 43
169 236 40
169 172 53
169 237 96
169 366 58
169 273 79
169 210 44
169 347 51
169 256 76
170 307 100
170 346 51
170 173 55
170 358 8
171 418 65
171 324 100
171 435 68
171 208 87
172 321 54
172 209 43
172 419 17
172 236 68
172 237 31
172 366 63
172 368 16
172 273 93
172 210 20
172 496 52
172 214 80
172 347 63
172 256 35
173 307 45
173 358 57
173 346 70
174 485 22
174 298 90
174 331 30
174 440 51
174 494 62
174 431 62
174 340 72
174 342 47
174 472 20
175 444 96
175 229 89
175 338 3
175 403 24
175 220 94
176 362 13
176 269 25
176 430 81
176 435 94
176 340 89
176 440 46
176 287 34
177 258 12
177 375 57
177 234 69
177 465 74
177 213 11
177 215 14
177 379 96
177 407 91
178 299 58
178 193 98
178 464 94
178 498 80
178 211 13
178 373 26
178 283 50
179 258 43
179 428 80
179 245 37
179 182 35
179 389 4
179 465 83
179 220 15
180 289 17
180 323 100
180 261 19
180 262 35
180 232 57
180 217 17
180 352 10
181 385 35
181 386 17
181 394 33
181 493 30
181 336 44
181 276 40
181 279 56
181 280 35
181 252 91
181 286 46
182 322 28
182 389 36
182 428 86
182 432 82
183 361 26
183 311 62
183 425 3
183 490 98
183 399 41
183 370 19
183 310 75
183 185 86
183 218 97
184 225 30
184 449 58
184 259 5
184 396 46
184 241 87
184 221 30
184 344 47
184 188 29
184 189 56
185 361 64
185 327 43
185 392 55
185 425 76
185 490 71
185 270 87
185 399 37
185 311 8
185 370 97
185 438 9
185 218 59
185 310 31
186 354 3
186 196 10
186 228 57
186 426 80
186 363 28
186 466 64
186 374 3
186 285 80
186 427 22
186 415 18
186 448 38
187 296 48
187 372 75
187 325 69
187 454 4
187 487 49
187 309 5
187 251 1
188 344 67
188 396 52
188 446 72
188 241 75
188 371 19
188 500 71
188 221 26
188 208 87
188 189 10
189 449 92
189 225 42
189 259 76
189 396 92
189 241 19
189 371 10
189 500 91
189 344 98
189 221 22
190 202 78
190 254 21
190 471 24
191 453 95
191 424 60
191 343 73
191 264 99
191 281 55
191 328 98
191 477 47
192 227 87
192 277 65
192 195 9
192 341 51
192 480 24
193 211 8
193 244 65
193 373 62
193 406 48
193 464 65
193 498 1
194 337 70
194 468 92
194 199 60
194 240 99
195 227 12
195 341 91
195 480 26
196 354 55
196 363 13
196 374 70
196 282 79
196 461 67
196 415 60
196 448 15
197 433 9
197 358 52
197 487 45
197 296 52
197 260 29
197 292 42
197 454 52
197 302 35
197 372 24
197 219 68
197 198 57
198 323 80
198 261 25
198 454 73
198 296 10
198 260 18
198 292 20
198 232 82
198 433 10
198 372 32
198 352 64
199 390 90
199 391 40
199 205 77
199 240 75
199 439 16
199 315 50
199 384 94
200 451 3
200 452 33
200 489 53
200 267 30
200 207 85
200 369 88
200 243 61
200 437 53
200 380 27
200 416 79
201 257 63
201 226 20
201 265 16
201 481 58
201 272 15
201 497 5
201 274 13
201 436 65
201 495 12
201 239 47
201 248 92
201 314 51
201 351 86
202 471 16
202 254 93
203 367 40
203 404 1
203 230 23
203 459 86
203 364 63
203 429 34
203 223 10
204 326 6
204 493 68
204 413 99
204 336 20
205 388 39
205 295 70
205 393 73
205 299 66
205 498 7
205 384 79
205 247 60
205 283 21
205 391 64
205 315 19
205 390 6
206 360 43
206 242 75
206 333 2
206 402 18
206 216 70
206 413 92
207 452 59
207 437 29
207 489 79
207 309 88
207 267 87
207 416 27
208 418 26
208 324 69
208 344 16
209 321 66
209 419 32
209 256 50
209 368 33
209 214 4
209 347 41
210 401 70
210 300 4
210 290 50
210 333 88
210 237 75
210 273 88
210 236 63
210 250 22
210 345 68
210 256 7
210 492 71
211 498 67
211 339 74
211 245 31
211 475 29
211 464 33
212 353 87
212 483 39
212 412 31
212 460 70
212 496 79
212 402 79
212 319 43
212 441 9
212 378 92
212 255 1
213 465 95
213 375 93
213 407 27
213 234 41
213 237 59
213 366 14
213 215 8
213 379 7
214 321 44
214 419 77
214 368 7
214 347 3
214 256 6
215 401 42
215 465 75
215 234 85
215 237 88
215 366 38
215 339 70
215 407 23
215 475 39
216 353 1
216 242 89
216 496 7
216 402 9
216 441 36
216 413 17
216 255 16
217 289 11
217 262 64
217 323 56
217 231 50
217 474 13
217 261 54
218 370 39
218 361 92
218 490 68
218 399 18
218 425 31
218 310 25
219 481 81
219 450 27
219 278 43
219 292 89
219 358 39
219 454 64
219 302 26
219 334 33
220 229 79
220 338 89
220 389 35
220 444 33
220 224 72
221 449 22
221 225 6
221 259 82
221 293 90
221 396 76
221 241 60
221 344 52
222 226 66
222 436 25
222 434 2
222 312 94
222 409 67
222 253 28
222 462 26
222 351 5
223 482 77
223 484 39
223 266 61
223 303 92
223 288 20
224 444 32
224 229 16
224 338 46
224 409 22
225 417 81
225 228 39
225 293 62
225 344 23
225 259 39
225 241 4
225 466 40
225 396 4
225 427 14
226 257 27
226 265 8
226 312 14
226 436 37
226 497 30
226 495 81
226 248 95
226 314 38
226 351 17
227 341 71
227 342 86
228 417 50
228 293 44
228 445 75
228 466 29
228 426 10
228 285 12
228 427 11
229 444 44
229 338 90
229 462 20
229 403 8
229 409 99
229 253 72
230 404 97
230 297 46
230 410 79
230 364 76
230 429 75
230 367 38
231 289 85
231 355 97
231 395 88
231 405 94
231 480 99
231 277 81
232 323 14
232 260 65
232 261 2
232 262 2
232 296 76
232 329 73
232 372 34
232 433 54
232 325 15
232 251 18
232 352 84
233 385 2
233 291 76
233 238 37
233 469 40
233 280 63
233 394 73
233 301 12
233 286 39
233 350 74
234 258 44
234 407 35
234 366 8
234 465 95
234 475 5
234 379 45
235 335 83
235 319 77
235 423 10
235 447 53
235 271 62
235 470 55
236 321 26
236 290 3
236 237 14
236 366 92
236 273 46
236 256 79
236 401 52
236 250 23
237 321 36
237 401 14
237 407 42
237 366 84
237 273 90
237 256 3
238 301 52
238 469 100
238 350 80
239 481 31
239 257 39
239 455 24
239 487 42
239 495 42
239 302 31
239 497 2
239 274 22
239 248 13
239 272 47
239 454 21
240 337 48
240 468 87
241 449 48
241 259 60
241 396 13
241 344 2
242 345 46
242 360 27
242 333 34
242 402 43
242 353 70
242 413 68
243 451 75
243 380 69
243 363 88
243 400 90
244 439 92
245 465 62
245 258 1
245 406 46
245 475 54
245 464 77
246 466 81
246 275 20
246 356 91
246 411 67
246 420 90
246 427 81
247 384 22
247 295 8
247 391 52
247 393 60
247 300 24
247 388 25
247 283 59
247 476 25
247 390 26
248 497 22
248 495 2
248 450 55
248 265 55
248 314 74
248 481 85
249 308 52
249 392 38
249 270 84
249 438 95
250 353 70
250 290 79
250 360 67
250 402 91
250 492 20
250 333 33
250 496 69
250 273 17
250 345 34
251 387 20
251 260 52
251 325 57
251 329 45
251 268 29
251 463 75
251 372 4
251 309 37
251 352 93
252 385 4
252 386 77
252 394 71
252 301 100
252 337 69
252 276 100
252 279 42
252 280 58
252 286 31
253 453 59
253 312 16
253 434 57
253 409 36
253 444 35
253 462 34
253 338 67
254 471 69
254 442 24
254 381 21
255 353 66
255 460 16
255 496 25
255 402 44
255 441 22
255 378 13
256 321 51
256 419 77
256 366 86
256 496 28
256 273 97
256 347 33
256 368 33
257 455 10
257 365 50
257 436 18
257 272 9
257 497 71
257 495 7
257 377 34
257 351 28
258 389 34
258 465 43
258 475 12
259 293 82
259 344 67
259 396 93
260 292 33
260 261 32
260 296 34
260 302 93
260 433 45
260 372 67
260 352 60
260 454 41
261 289 63
261 323 22
261 325 34
261 262 60
261 329 98
261 352 70
262 289 7
262 323 40
262 329 89
262 352 47
263 327 61
263 392 93
263 397 25
263 270 17
263 318 62
263 308 71
263 438 73
263 398 14
263 319 70
264 453 92
264 343 96
264 312 1
264 281 35
264 477 74
264 320 5
265 497 96
265 450 83
265 314 42
265 481 85
265 334 91
266 499 41
266 484 5
266 421 82
266 303 2
266 482 6
266 288 88
267 369 55
267 452 53
267 489 3
267 331 72
267 380 70
267 269 24
268 489 100
268 387 83
268 325 60
268 329 32
268 330 49
268 463 27
269 362 87
269 430 31
269 369 78
269 435 13
269 340 48
269 440 13
269 445 97
269 287 3
270 327 91
270 392 47
270 397 82
270 398 4
270 308 93
270 438 21
270 318 17
271 305 82
271 467 19
271 420 22
271 470 63
271 423 72
271 447 50
271 335 32
272 274 36
272 455 8
272 487 93
272 457 11
272 456 16
273 321 69
273 290 31
273 333 4
273 366 34
273 496 37
273 345 2
273 492 37
274 455 15
274 487 83
274 497 29
274 302 38
274 454 87
275 449 4
275 467 63
275 411 94
275 332 97
275 447 77
276 385 68
276 394 53
276 337 62
276 468 87
276 301 75
276 279 16
276 280 66
276 286 40
277 405 49
277 395 51
277 480 95
278 450 84
278 488 59
278 334 48
279 385 45
279 386 12
279 394 87
279 337 63
279 280 83
280 385 55
280 394 60
280 301 65
280 337 24
280 286 41
281 453 52
281 343 68
281 477 95
281 320 6
282 374 82
282 448 94
282 461 23
282 415 79
283 295 54
283 391 20
283 299 84
283 498 20
283 315 16
283 384 74
283 390 44
284 335 45
284 310 100
284 311 48
284 490 92
284 443 89
284 399 66
284 486 87
285 417 90
285 354 93
285 293 17
285 426 39
285 363 38
285 466 51
285 445 83
285 427 49
285 448 100
286 385 91
286 291 53
286 394 92
286 301 81
286 469 7
287 435 3
287 362 100
287 430 79
287 445 22
288 484 8
288 303 66
288 482 9
288 304 13
289 323 61
289 355 31
289 313 27
290 353 43
290 300 16
290 333 8
290 496 47
290 360 30
290 345 44
290 492 29
291 301 36
291 469 83
292 487 52
292 358 35
292 296 17
292 302 66
292 433 64
292 372 74
292 454 86
293 417 87
293 426 90
293 427 28
293 430 15
293 466 48
293 445 30
294 322 33
294 422 77
294 328 6
294 304 60
294 403 47
294 432 50
295 390 79
295 391 53
295 393 43
295 300 62
295 388 9
295 476 92
295 492 73
295 384 5
296 433 42
296 487 51
296 302 87
296 372 2
296 309 24
296 454 20
297 322 12
297 432 24
297 404 90
297 410 82
297 422 61
298 485 69
298 440 13
298 340 12
298 431 85
298 472 35
298 494 26
298 478 16
298 342 94
299 391 90
299 498 64
299 439 29
299 315 46
299 384 50
300 393 70
300 492 20
300 360 29
300 345 86
300 476 8
301 385 22
301 394 71
301 350 88
301 469 78
302 450 51
302 487 59
302 372 9
302 433 100
302 454 2
303 499 67
303 484 4
303 421 42
303 482 86
304 482 39
304 424 23
304 484 28
304 328 29
305 483 3
305 356 4
305 423 4
305 412 47
305 349 38
305 420 35
306 455 63
306 456 50
306 457 29
306 365 11
306 491 99
306 377 61
306 348 22
307 358 7
307 346 39
308 327 42
308 438 69
308 392 2
308 318 17
308 397 81
308 398 73
309 372 66
309 325 27
309 487 71
310 425 29
310 361 75
310 490 27
310 399 96
310 370 77
310 311 17
311 361 37
311 490 88
311 399 72
311 370 98
311 335 8
311 470 91
311 447 40
312 453 80
312 320 86
312 314 100
312 462 16
313 355 53
313 405 57
314 481 89
314 495 34
314 497 69
314 436 42
314 320 77
315 391 60
315 498 23
315 439 29
315 384 60
316 359 98
316 343 63
316 473 18
316 477 99
316 382 30
316 479 2
316 320 77
317 471 82
317 381 12
318 327 47
318 392 59
318 438 42
318 397 90
318 398 51
319 483 6
319 412 73
319 397 36
319 460 8
320 453 64
320 343 24
321 419 40
321 366 33
321 368 14
321 347 94
322 422 66
322 432 23
323 352 19
324 418 38
325 387 8
325 329 2
325 463 53
325 352 78
326 336 79
326 413 90
326 493 32
327 392 81
327 397 30
327 398 56
327 438 91
328 453 68
328 424 32
328 403 37
329 387 60
329 330 27
329 463 21
329 352 56
330 387 13
330 463 35
330 341 43
330 474 80
331 340 88
331 440 27
331 489 21
331 494 1
332 449 80
332 486 8
332 467 17
333 345 30
333 360 98
333 492 56
333 353 80
333 402 53
333 496 38
334 481 64
334 450 39
334 488 74
335 467 19
335 447 91
335 361 78
335 490 38
335 470 18
336 386 89
336 493 79
337 385 71
337 394 37
337 468 63
338 409 2
338 444 2
339 401 42
339 476 26
339 464 92
340 485 38
340 472 18
340 494 18
340 440 40
340 362 83
341 342 87
341 474 58
342 485 37
342 494 56
342 431 51
342 472 71
343 453 33
343 477 77
344 396 8
344 500 95
345 353 99
345 360 42
345 496 7
345 402 96
345 492 22
347 419 50
347 378 38
348 377 93
348 458 8
348 491 98
349 483 41
349 420 83
349 423 67
349 356 87
349 374 50
349 412 17
351 365 47
351 436 28
351 497 75
351 434 54
351 495 17
351 377 93
352 372 67
353 496 49
353 402 70
353 441 39
354 374 88
354 426 73
354 363 44
354 415 52
354 448 2
355 405 26
355 395 35
356 423 7
356 411 11
356 420 40
359 488 90
359 473 76
359 382 87
359 479 51
360 492 87
360 402 85
361 425 73
361 490 96
361 399 19
361 370 6
361 470 76
362 485 40
362 435 50
362 440 41
362 478 94
363 451 97
363 426 53
363 374 29
363 415 94
363 448 60
364 459 81
364 429 84
364 367 80
365 455 57
365 456 44
365 457 39
365 436 87
365 495 28
365 377 19
366 419 20
366 407 31
366 368 7
366 375 24
367 404 2
367 429 86
367 459 93
368 419 37
368 375 87
368 379 49
369 380 81
369 445 32
369 430 32
370 490 3
370 399 21
370 425 39
371 449 65
371 446 50
371 500 99
372 487 100
372 433 35
372 454 8
373 498 59
373 406 50
374 415 55
374 448 52
375 419 96
375 407 30
375 379 52
376 442 76
376 443 100
376 381 98
376 486 42
377 455 91
377 457 37
377 436 28
377 434 49
378 483 83
378 460 62
378 441 90
378 412 47
379 407 5
380 451 87
380 452 1
380 400 30
381 471 27
381 442 20
382 473 99
382 479 29
384 388 7
384 390 58
384 393 73
384 391 41
385 394 77
386 493 37
387 489 83
387 463 21
388 391 26
388 393 57
388 390 61
389 428 45
390 393 43
390 391 86
391 393 52
392 398 33
392 438 56
393 476 6
395 405 80
396 449 40
396 500 100
397 460 17
397 398 43
398 438 44
399 425 42
399 490 27
400 457 97
400 452 50
400 437 92
400 456 64
400 451 3
401 407 80
401 476 51
402 441 73
402 496 14
402 413 51
403 432 3
403 424 17
404 429 10
404 410 56
404 422 99
406 428 60
407 465 61
408 414 40
409 434 52
409 462 56
409 444 20
411 467 74
412 483 8
412 423 2
412 460 28
412 441 36
415 461 47
415 448 3
416 452 28
416 437 87
416 489 41
417 466 41
417 426 7
417 445 30
417 427 22
417 430 26
420 423 66
421 499 81
422 432 95
423 483 96
424 453 100
425 490 59
426 445 95
426 466 89
426 427 61
427 466 13
430 445 9
431 485 90
431 472 16
431 494 81
431 478 44
433 487 62
433 454 83
434 436 23
434 462 20
436 495 42
436 497 66
437 452 86
437 456 98
440 485 26
440 472 67
440 494 19
441 483 62
441 460 70
441 496 85
443 486 43
446 500 45
447 467 37
447 470 56
450 481 46
452 489 66
453 477 32
454 487 86
455 457 74
455 456 43
456 457 82
458 491 75
460 483 25
463 489 67
464 498 23
464 475 9
465 475 16
467 470 64
467 486 32
472 485 67
472 494 50
472 478 97
473 479 44
476 492 58
478 485 100
479 488 41
481 497 7
482 484 14
484 499 3
485 494 3
495 497 10
10
1
1
1 2
1 2 3 4
1 2 3 4 5 6 7 8
1 2 3 4 5 6 7 8 9 10 11 12 13 14 15 16
1 2 3 4 5 6 7 8 9 10 11 12 13 14 15 16 17 18 19 20 21 22 23 24 25 26 27 28 29 30 31 32
1 2 3 4 5 6 7 8 9 10 11 12 13 14 15 16 17 18 19 20 21 22 23 24 25 26 27 28 29 30 31 32 33 34 35 36 37 38 39 40 41 42 43 44 45 46 47 48 49 50 51 52 53 54 55 56 57 58 59 60 61 62 63
1 2 3 4 5 6 7 8 9 10 11 12 13 14 15 16 17 18 19 20 21 22 23 24 25 26 27 28 29 30 31 32 33 34 35 36 37 38 39 40 41 42 43 44 45 46 47 48 49 50 51 52 53 54 55 56 57 58 59 60 61 62 63 64 65 66 67 68 69 70 71 72 73 74 75 76 77 78 79 80 81 82 83 84 85 86 87 88 89 90 91 92 93 94 95 96 97 98 99 100 101 102 103 104 105 106 107 108 109 110 111 112 113 114 115 116 117 118 119 120 121 122 123 124 125
1 2 3 4 5 6 7 8 9 10 11 12 13 14 15 16 17 18 19 20 21 22 23 24 25 26 27 28 29 30 31 32 33 34 35 36 37 38 39 40 41 42 43 44 45 46 47 48 49 50 51 52 53 54 55 56 57 58 59 60 61 62 63 64 65 66 67 68 69 70 71 72 73 74 75 76 77 78 79 80 81 82 83 84 85 86 87 88 89 90 91 92 93 94 95 96 97 98 99 100 101 102 103 104 105 106 107 108 109 110 111 112 113 114 115 116 117 118 119 120 121 122 123 124 125 126 127 128 129 130 131 132 133 134 135 136 137 138 139 140 141 142 143 144 145 146 147 148 149 150 151 152 153 154 155 156 157 158 159 160 161 162 163 164 165 166 167 168 169 170 171 172 173 174 175 176 177 178 179 180 181 182 183 184 185 186 187 188 189 190 191 192 193 194 195 196 197 198 199 200 201 202 203 204 205 206 207 208 209 210 211 212 213 214 215 216 217 218 219 220 221 222 223 224 225 226 227 228 229 230 231 232 233 234 235 236 237 238 239 240 241 242 243 244 245 246 247 248 249 250
