1974
1 3 70
1 187 44
1 233 30
1 75 29
1 136 71
1 157 42
1 267 39
2 225 36
2 284 71
2 165 23
2 166 81
2 327 24
2 43 68
2 172 100
2 173 91
2 79 79
2 176 38
2 146 26
2 140 67
2 119 31
2 24 63
2 249 60
2 156 45
2 96 75
3 312 71
3 233 82
3 187 43
3 136 69
3 267 9
4 272 12
4 320 12
4 147 61
4 134 12
4 25 20
4 171 52
4 208 90
4 61 6
4 331 28
4 350 70
5 161 34
5 228 49
5 316 20
5 205 17
5 167 90
5 232 76
5 10 68
5 11 10
5 204 18
5 285 38
5 287 17
6 105 78
6 123 97
6 295 64
6 40 75
6 297 30
6 74 81
6 88 31
6 252 94
6 13 2
6 59 69
7 103 46
7 52 82
7 22 59
7 311 88
7 201 55
7 317 40
7 78 57
7 336 90
8 124 16
8 60 74
8 195 94
8 36 39
8 261 98
8 310 61
8 29 54
8 188 64
8 77 7
8 192 29
9 178 95
9 76 94
9 168 86
10 161 79
10 226 20
10 204 83
10 167 64
10 232 76
10 11 98
10 316 33
10 287 18
11 161 27
11 50 87
11 316 1
11 167 67
11 232 36
11 285 71
11 204 80
11 205 75
11 287 54
12 51 13
12 66 35
12 67 93
12 148 65
12 215 10
12 169 7
12 171 49
12 331 100
12 271 44
12 94 21
13 225 66
13 165 37
13 295 38
13 40 22
13 265 18
13 141 8
13 344 17
13 218 84
13 123 23
13 156 8
13 255 26
14 257 85
14 274 43
14 21 45
14 102 73
14 23 43
14 106 60
14 154 99
14 282 5
14 186 68
14 239 32
15 83 69
15 85 66
15 247 89
15 120 98
15 72 14
15 236 44
15 152 27
15 32 52
16 273 81
16 129 86
16 99 81
16 263 29
16 55 93
16 89 2
16 314 47
16 158 55
16 63 2
16 222 82
17 209 13
17 339 1
17 278 31
17 332 64
17 30 74
17 326 71
18 321 50
18 98 98
18 67 43
18 148 100
18 66 97
18 329 56
18 202 1
18 331 59
18 177 20
18 301 17
18 94 100
18 272 25
18 113 30
18 254 31
18 214 41
18 313 52
18 93 46
18 62 82
18 31 2
19 97 45
19 153 63
19 211 46
19 69 5
19 135 45
19 328 40
19 73 4
19 65 35
19 296 65
19 270 36
19 302 55
20 163 35
20 68 8
20 151 90
20 41 58
20 334 34
20 243 100
20 212 74
20 118 19
20 343 55
20 27 68
20 349 51
20 256 7
21 115 22
21 197 55
21 227 19
21 23 26
21 106 35
21 186 88
21 315 4
21 56 7
21 239 86
21 80 66
22 52 46
22 198 78
22 103 37
22 276 1
22 283 8
22 317 44
22 91 84
22 336 10
23 274 12
23 115 23
23 197 71
23 239 13
23 154 19
23 186 83
23 106 69
23 282 5
23 102 50
24 119 18
24 268 5
24 57 27
24 327 15
24 279 59
24 146 42
24 249 72
24 43 94
24 284 84
24 46 7
25 147 28
25 134 78
25 151 53
25 41 75
25 61 8
25 163 91
25 319 100
26 259 28
26 228 49
26 150 65
26 215 9
26 271 88
26 285 46
26 107 16
26 204 46
26 205 96
26 51 97
26 127 30
27 243 4
27 118 36
27 151 73
27 41 68
27 334 86
27 349 13
27 163 29
27 256 75
28 273 41
28 194 51
28 109 84
28 314 86
28 345 32
28 121 86
28 333 8
28 174 55
29 195 86
29 36 46
29 230 3
29 188 75
29 77 78
29 111 59
29 60 77
29 310 54
29 124 88
29 318 83
29 192 5
30 193 78
30 339 88
30 278 50
30 326 99
30 330 4
30 185 71
30 42 6
30 332 94
30 209 41
30 288 77
31 321 13
31 98 6
31 67 64
31 66 61
31 329 14
31 202 54
31 203 26
31 177 46
31 301 60
31 62 34
31 272 38
31 113 85
31 148 40
31 214 80
31 331 74
31 93 44
31 254 52
31 313 50
32 194 62
32 83 57
32 85 46
32 247 14
32 152 42
32 72 66
32 109 7
33 132 79
33 182 34
33 170 80
33 164 4
33 160 26
33 237 79
33 175 46
33 207 94
33 240 83
34 161 31
34 99 85
34 228 5
34 263 95
34 200 44
34 138 74
34 107 48
34 232 86
34 142 26
34 305 52
34 180 55
34 309 39
34 87 99
34 125 33
34 287 98
35 100 6
35 97 93
35 275 36
35 348 17
35 245 57
35 54 44
35 183 1
35 122 73
35 299 100
35 149 85
35 302 87
36 257 42
36 274 61
36 230 21
36 86 73
36 298 41
36 139 57
36 124 57
36 77 3
36 192 29
37 324 17
37 325 61
37 70 50
37 264 67
37 260 36
37 143 57
37 190 56
37 337 49
37 84 35
37 341 92
37 335 90
37 251 89
37 126 2
38 324 97
38 50 54
38 340 7
38 101 81
38 71 18
38 235 64
38 128 39
38 44 27
38 190 1
38 303 75
38 144 8
39 345 14
39 347 6
39 60 43
39 77 88
39 155 55
39 111 37
40 295 44
40 88 42
40 297 58
40 74 49
40 123 6
40 252 71
40 59 30
41 163 12
41 151 77
41 349 89
41 334 97
41 319 49
41 256 70
42 193 25
42 326 94
42 330 60
42 332 13
42 141 94
42 209 76
42 213 54
42 278 34
42 344 61
42 249 87
42 191 4
42 288 20
43 225 39
43 327 51
43 268 97
43 141 36
43 176 76
43 146 4
43 213 77
43 119 70
43 344 66
43 284 57
43 249 7
43 191 84
44 324 70
44 101 75
44 71 50
44 260 36
44 235 94
44 335 97
44 144 35
44 337 5
44 340 54
44 303 4
44 221 79
44 190 71
44 128 6
45 81 5
45 258 44
45 306 51
45 169 98
45 137 87
45 94 49
46 284 30
46 119 20
46 279 80
46 57 31
46 268 87
47 130 89
47 181 20
47 71 13
47 234 34
47 235 56
47 144 36
48 199 8
48 322 13
48 92 27
48 246 19
48 196 51
48 203 54
48 108 49
49 131 82
49 172 93
49 166 60
49 299 74
49 140 19
49 173 13
49 323 85
49 79 78
49 54 71
49 183 93
49 58 40
49 346 80
49 348 20
49 253 46
49 255 9
49 96 98
50 340 55
50 101 96
50 71 100
50 316 50
50 204 40
50 144 10
50 235 97
50 128 69
51 66 53
51 148 76
51 215 28
51 169 15
51 331 30
51 320 57
51 171 76
51 271 57
51 94 47
52 283 42
52 145 38
52 276 40
52 53 45
52 103 85
52 91 97
52 317 83
52 78 78
52 336 83
53 145 42
53 178 40
53 342 10
53 317 81
53 281 44
53 276 10
53 269 39
53 78 23
53 308 73
53 336 13
54 97 8
54 162 82
54 100 85
54 299 31
54 323 67
54 338 66
54 275 51
54 245 86
54 183 36
54 122 68
54 346 70
54 348 43
55 292 24
55 212 24
55 333 59
55 174 81
55 286 44
55 273 67
55 210 41
55 116 66
55 343 11
55 220 5
55 189 36
55 222 1
55 63 6
56 238 25
56 294 41
56 231 3
56 106 11
56 179 51
56 239 8
56 80 55
56 115 8
56 244 87
56 280 97
56 154 27
56 224 43
57 307 36
57 300 83
57 117 18
57 262 96
57 279 87
57 268 64
58 323 15
58 166 80
58 233 6
58 299 89
58 172 22
58 173 62
58 131 32
58 79 4
58 82 26
58 312 59
58 253 47
58 96 48
59 252 3
59 88 40
59 297 49
59 74 73
59 155 85
60 345 61
60 347 78
60 155 56
61 147 9
61 134 64
61 200 56
61 171 80
61 208 9
61 350 29
61 319 30
61 320 1
62 321 23
62 66 17
62 67 55
62 199 85
62 98 14
62 329 27
62 202 67
62 203 43
62 108 91
62 301 35
62 272 71
62 113 28
62 214 36
62 177 26
62 93 10
62 254 73
62 313 59
63 273 30
63 210 8
63 212 77
63 343 27
63 89 96
63 333 96
63 189 88
63 222 58
64 81 92
64 306 19
64 70 6
64 143 54
64 264 3
65 242 56
65 211 7
65 296 76
65 73 68
65 266 42
65 270 54
65 304 84
66 321 1
66 67 55
66 329 92
66 202 73
66 331 76
66 272 36
66 148 81
66 214 10
66 208 100
66 93 81
66 94 38
66 98 66
66 177 34
66 301 11
66 113 52
66 313 29
66 254 98
67 321 54
67 254 49
67 98 77
67 329 92
67 202 99
67 331 41
67 301 62
67 272 10
67 177 67
67 148 78
67 214 54
67 313 53
67 208 76
67 93 29
67 350 90
68 238 32
68 243 1
68 179 67
68 118 35
68 104 25
68 90 47
68 133 100
68 349 92
68 291 23
68 256 65
69 281 39
69 181 55
69 270 9
69 296 71
69 73 52
69 266 45
69 269 17
69 211 79
69 304 62
70 81 7
70 260 26
70 325 85
70 264 28
70 324 18
70 110 40
70 143 40
70 126 80
70 337 55
70 306 34
70 84 40
70 341 53
70 335 95
70 216 60
70 112 99
70 190 74
70 159 69
71 130 86
71 234 1
71 235 48
71 303 67
71 144 94
72 226 74
72 83 19
72 85 47
72 223 57
72 247 38
72 152 59
72 236 99
73 211 58
73 302 45
73 296 76
73 266 35
73 270 56
73 304 1
74 88 49
74 297 72
74 252 89
75 132 76
75 136 18
75 170 56
75 187 71
75 157 1
75 207 37
75 240 72
76 178 62
76 308 87
76 181 62
76 342 13
76 281 69
76 219 80
77 229 80
77 230 72
77 298 11
77 318 13
77 111 61
77 192 7
78 145 8
78 311 99
78 317 75
78 336 60
79 225 35
79 323 75
79 140 77
79 165 56
79 166 40
79 172 35
79 173 46
79 176 86
79 119 4
79 312 30
79 156 48
79 253 95
79 255 43
79 96 4
80 227 59
80 106 60
80 294 2
80 231 26
80 186 12
80 315 65
80 115 94
81 258 37
81 306 47
81 137 48
81 110 89
81 143 2
81 112 90
82 131 19
82 135 18
82 328 51
82 153 33
82 299 25
82 136 45
82 157 15
82 302 40
82 95 74
83 236 69
83 85 80
83 223 19
83 247 47
83 120 13
83 152 77
84 260 66
84 325 26
84 264 59
84 143 42
84 190 54
84 337 45
84 324 22
84 341 87
84 335 65
84 251 56
84 126 17
85 162 96
85 297 35
85 236 90
85 338 49
85 247 16
85 120 45
85 105 3
85 152 46
86 257 82
86 274 11
86 102 83
86 298 91
86 282 57
86 139 42
86 192 27
87 99 88
87 309 11
87 263 20
87 200 39
87 89 76
87 171 70
87 125 85
87 142 95
87 320 11
88 297 48
88 295 100
88 185 82
88 252 3
88 123 57
89 99 75
89 163 58
89 343 60
89 263 3
89 200 78
89 334 28
89 222 29
90 280 82
90 179 67
90 244 28
90 118 32
90 104 90
90 133 76
90 291 81
90 238 37
90 256 72
91 241 34
91 103 60
91 276 29
91 283 92
91 336 45
91 317 87
91 198 64
92 113 87
92 322 61
92 196 24
92 246 49
92 203 48
92 108 96
93 321 79
93 199 77
93 98 77
93 329 24
93 202 3
93 203 1
93 108 64
93 301 18
93 113 51
93 214 61
93 313 10
93 177 100
93 272 79
93 331 51
93 254 64
94 98 20
94 148 18
94 137 85
94 169 76
94 331 24
94 271 83
95 131 37
95 135 71
95 242 69
95 153 98
95 299 21
95 328 74
95 157 43
95 302 17
96 225 83
96 323 65
96 140 50
96 165 60
96 166 59
96 233 59
96 172 8
96 173 72
96 176 11
96 119 97
96 312 77
96 156 50
96 253 76
96 255 64
97 100 5
97 328 7
97 299 15
97 302 92
97 275 75
97 245 8
97 153 32
97 122 93
97 348 36
98 321 82
98 329 83
98 202 99
98 331 40
98 177 96
98 301 14
98 254 47
98 113 50
98 148 42
98 214 4
98 313 26
98 203 7
98 272 54
99 129 78
99 263 73
99 200 87
99 138 29
99 305 72
99 158 6
99 180 16
99 250 40
99 222 31
100 275 2
100 149 69
100 122 61
100 245 89
100 299 8
100 302 90
101 259 91
101 204 89
101 205 87
101 144 37
101 340 99
101 150 78
101 216 79
101 316 74
101 221 9
101 190 27
101 127 6
101 128 75
102 257 28
102 274 83
102 197 78
102 298 1
102 282 17
103 311 25
103 201 41
103 317 15
103 283 33
103 198 22
104 238 74
104 291 10
104 133 7
104 118 33
104 280 47
104 179 25
104 256 88
105 162 79
105 323 62
105 295 68
105 297 50
105 338 8
105 183 78
105 120 13
105 346 98
105 218 34
105 255 40
106 294 42
106 231 83
106 239 62
106 115 17
106 154 94
106 186 72
106 224 87
107 161 12
107 228 81
107 232 94
107 285 12
107 205 54
107 142 28
107 271 40
107 180 22
107 309 42
107 215 61
107 125 87
107 287 73
108 322 69
108 196 86
108 199 33
108 203 84
108 254 59
108 113 87
108 246 12
108 313 74
109 194 71
109 121 89
109 314 2
109 155 52
110 259 95
110 324 75
110 264 62
110 340 98
110 143 31
110 112 14
110 337 58
110 306 50
110 260 26
110 341 9
110 150 18
110 216 32
110 221 9
110 190 19
110 159 20
110 128 54
111 229 94
111 230 57
111 298 73
111 318 67
111 192 40
112 259 24
112 260 36
112 264 87
112 137 78
112 324 66
112 143 23
112 337 13
112 306 18
112 340 49
112 341 66
112 150 73
112 216 46
112 221 93
112 190 33
112 159 53
112 128 78
113 321 77
113 196 13
113 329 47
113 203 38
113 301 59
113 177 21
113 313 3
113 254 94
114 251 14
114 219 95
114 168 96
115 239 2
115 294 37
115 231 8
115 154 7
115 186 60
115 224 65
116 292 73
116 277 28
116 244 82
116 189 2
116 220 39
116 333 85
116 174 13
116 286 46
117 289 82
117 290 60
117 307 19
117 262 30
117 300 68
118 243 44
118 133 48
118 343 93
118 349 3
118 291 34
118 256 61
119 172 38
119 166 28
119 140 74
119 312 29
119 268 87
119 284 18
120 162 76
120 245 15
120 236 97
120 338 56
120 247 38
120 152 100
120 346 78
120 122 88
121 273 37
121 194 2
121 345 88
121 314 9
121 347 86
121 155 58
122 162 20
122 299 70
122 338 43
122 275 45
122 245 50
122 183 74
122 346 27
122 348 25
123 326 56
123 295 83
123 330 19
123 209 37
123 141 76
123 278 22
123 344 40
123 185 34
123 252 87
124 257 20
124 195 41
124 310 7
124 298 95
124 139 22
124 188 42
124 192 81
125 161 38
125 228 50
125 232 56
125 205 3
125 142 10
125 180 80
125 309 21
125 215 45
125 285 91
125 287 99
126 260 82
126 325 63
126 264 21
126 324 46
126 143 23
126 337 91
126 341 33
126 335 70
126 251 63
126 190 64
127 259 45
127 228 63
127 221 8
127 204 47
127 205 95
127 271 12
127 150 34
127 215 42
127 216 71
127 285 6
127 159 52
127 128 65
128 259 11
128 260 3
128 340 85
128 337 51
128 324 29
128 150 71
128 216 80
128 316 16
128 144 92
128 221 12
128 190 89
128 159 69
129 305 21
129 226 52
129 314 82
129 138 32
129 250 11
129 158 82
129 223 67
130 234 36
130 235 97
130 206 52
130 144 94
131 153 30
131 135 38
131 136 56
131 233 54
131 299 66
131 328 11
131 253 33
132 207 88
132 164 53
132 182 73
132 170 84
132 157 15
132 175 41
132 240 90
133 238 65
133 291 57
133 244 89
133 280 5
133 179 28
133 256 54
134 147 89
134 208 73
134 350 64
134 319 99
134 320 58
135 182 81
135 328 16
135 153 53
135 242 46
135 157 97
135 302 73
136 187 66
136 233 100
136 157 20
137 306 80
137 258 26
137 169 79
138 161 70
138 167 3
138 226 18
138 232 26
138 305 76
138 180 19
138 223 97
138 250 60
138 158 55
138 287 30
139 257 41
139 274 48
139 298 46
139 192 91
140 225 9
140 323 40
140 284 38
140 165 99
140 166 91
140 265 61
140 172 64
140 173 39
140 176 5
140 146 26
140 312 98
140 218 68
140 156 9
140 253 86
140 255 77
141 225 69
141 165 93
141 326 100
141 295 89
141 265 49
141 176 51
141 146 41
141 213 66
141 327 94
141 344 67
141 218 15
141 156 38
141 330 97
142 161 80
142 228 57
142 215 51
142 205 11
142 180 27
142 309 26
142 285 39
142 171 64
142 287 68
143 324 94
143 264 41
143 260 93
143 335 16
143 190 80
143 337 75
143 341 100
143 325 54
144 234 89
144 235 66
144 340 2
144 303 72
144 316 36
145 178 5
145 276 61
145 342 68
145 281 56
145 317 71
145 269 82
145 308 12
145 336 5
146 225 55
146 284 35
146 165 51
146 327 14
146 265 7
146 176 100
146 249 19
146 213 29
146 344 27
146 156 99
146 191 34
147 208 96
147 202 66
147 272 25
147 350 72
147 319 45
147 320 18
148 321 68
148 329 12
148 202 43
148 171 86
148 301 92
148 272 91
148 177 61
148 254 54
148 214 5
148 208 93
148 331 97
148 320 76
149 206 79
150 259 18
150 271 73
150 337 66
150 340 54
150 215 75
150 216 17
150 221 70
150 190 91
150 159 22
151 163 72
151 343 19
151 243 24
151 349 24
151 334 83
151 256 87
152 226 55
152 236 66
152 247 52
152 223 38
153 328 100
153 242 19
153 302 77
154 292 22
154 239 34
154 244 7
154 277 22
154 186 18
154 220 28
154 286 97
154 224 73
155 194 21
155 345 9
155 347 96
156 225 95
156 323 54
156 172 20
156 165 31
156 295 42
156 265 10
156 173 60
156 176 86
156 344 59
156 218 35
156 255 54
157 164 29
157 242 10
157 207 41
157 240 74
157 182 2
157 187 74
158 226 38
158 314 17
158 250 19
158 305 68
158 223 75
159 259 27
159 324 21
159 264 79
159 260 63
159 337 5
159 340 4
159 341 76
159 216 67
159 221 95
159 190 45
160 242 90
160 164 48
160 182 23
160 170 92
160 237 26
160 207 41
160 175 64
161 228 84
161 167 82
161 232 80
161 204 15
161 205 12
161 305 4
161 180 50
161 309 29
161 285 18
161 287 3
162 323 90
162 338 54
162 183 4
162 346 92
162 245 77
162 348 52
162 255 99
163 243 63
163 343 92
163 349 55
163 334 10
164 242 50
164 182 68
164 170 4
164 237 88
164 240 47
164 207 76
164 175 35
165 225 100
165 323 53
165 295 27
165 265 38
165 172 41
165 176 66
165 344 29
165 218 4
165 255 10
166 233 99
166 172 79
166 173 67
166 312 26
166 284 26
166 253 45
167 226 98
167 232 96
167 204 77
167 205 18
167 305 74
167 180 93
167 223 44
167 250 25
167 285 9
167 287 34
168 251 94
168 219 66
169 306 38
169 271 71
170 175 35
170 240 56
170 207 78
170 182 38
171 309 96
171 331 15
171 320 44
172 225 4
172 323 96
172 233 28
172 173 52
172 312 50
172 253 82
172 255 49
173 323 83
173 233 92
173 312 75
173 253 53
173 255 51
174 210 35
174 292 63
174 277 7
174 333 34
174 220 57
174 189 8
174 286 15
174 273 18
175 242 63
175 182 66
175 237 65
175 207 69
175 240 92
176 225 38
176 284 52
176 327 4
176 265 24
176 213 31
176 344 56
176 249 48
176 218 88
176 191 2
177 321 93
177 329 3
177 202 37
177 331 73
177 301 63
177 254 8
177 214 14
177 272 65
177 313 42
177 208 13
178 281 20
178 308 48
178 181 70
178 342 79
178 266 52
178 269 48
178 304 50
179 291 8
179 294 44
179 280 89
179 238 41
179 244 27
179 220 25
179 286 41
179 224 2
180 228 47
180 263 72
180 232 54
180 205 6
180 305 96
180 309 71
180 250 27
180 285 56
180 287 50
181 308 95
181 342 15
181 281 60
181 219 62
182 242 97
182 240 46
182 207 18
183 323 91
183 299 95
183 338 62
183 275 82
183 245 65
183 346 69
183 348 44
183 255 11
184 193 73
184 289 82
184 307 78
184 262 50
184 248 39
184 300 9
184 288 12
185 209 90
185 339 28
185 278 45
185 217 10
185 330 62
185 252 38
186 227 33
186 197 86
186 239 99
186 282 98
186 315 14
187 233 1
187 267 55
188 195 54
188 261 7
188 310 3
188 217 79
189 292 50
189 212 80
189 244 44
189 333 58
189 210 51
189 243 85
189 343 76
189 220 94
189 286 58
190 259 39
190 260 28
190 325 90
190 264 67
190 337 69
190 324 39
190 341 95
190 216 44
190 221 2
190 303 21
190 340 11
190 335 99
191 193 86
191 262 17
191 327 72
191 300 9
191 213 48
191 248 50
191 249 6
191 288 23
192 257 90
192 229 80
192 230 77
192 298 83
192 274 58
192 318 18
193 332 84
193 213 92
193 326 42
193 249 11
193 330 32
193 248 67
193 288 4
194 273 70
194 345 5
194 314 97
195 261 4
195 310 1
195 217 58
196 322 95
196 246 30
196 203 44
197 227 38
197 315 59
198 241 80
198 283 95
199 322 62
199 246 36
199 203 57
200 309 77
200 263 6
200 320 68
201 311 66
202 254 42
202 329 4
202 331 69
202 301 98
202 272 35
202 214 87
202 321 89
202 313 63
202 208 47
202 350 23
203 321 67
203 322 83
203 246 47
203 313 40
203 254 18
204 228 71
204 232 52
204 205 70
204 316 12
204 285 13
204 287 46
205 228 69
205 232 25
205 285 53
205 287 97
205 215 24
205 316 85
206 234 89
207 242 42
207 240 17
208 321 37
208 329 77
208 331 80
208 301 3
208 272 59
208 214 77
208 350 22
208 320 53
209 339 95
209 278 15
209 330 78
209 332 80
209 326 100
210 243 9
210 212 94
210 343 22
210 244 32
210 333 60
210 220 78
210 286 76
211 296 45
211 266 78
211 270 92
211 304 13
212 243 73
212 343 78
212 333 41
212 349 26
212 220 61
212 286 40
213 326 62
213 327 97
213 344 23
213 249 32
213 288 36
214 321 43
214 254 21
214 329 78
214 331 68
214 301 6
214 272 46
214 350 70
214 313 36
215 228 3
215 271 82
215 285 71
216 259 71
216 324 52
216 340 23
216 337 47
216 260 32
216 341 31
216 221 99
217 261 54
217 293 42
218 225 39
218 323 14
218 295 64
218 265 53
218 344 14
218 346 36
218 255 42
219 251 81
219 303 55
220 292 17
220 244 12
220 333 17
220 277 95
220 286 29
220 224 4
221 259 85
221 324 4
221 340 29
221 337 84
221 260 14
222 273 75
222 263 6
222 314 46
223 305 58
223 226 92
223 250 94
224 292 19
224 294 99
224 280 52
224 239 93
224 238 5
224 244 36
224 277 96
224 286 17
225 327 81
225 265 94
225 344 52
225 255 2
226 305 13
226 250 95
226 232 17
227 315 14
228 232 19
228 271 46
228 309 81
228 285 27
228 287 47
229 230 57
229 282 92
229 298 12
229 318 40
230 257 75
230 274 12
230 298 98
230 318 81
231 294 21
232 305 64
232 250 84
232 285 26
232 287 90
233 312 58
233 253 17
234 235 83
235 303 2
235 340 67
236 247 92
237 241 20
238 244 78
238 294 69
238 280 79
238 291 63
239 277 23
239 282 86
242 328 68
243 291 65
243 349 97
243 334 19
243 343 16
243 256 32
244 291 16
244 292 11
244 277 2
244 280 80
244 286 92
245 299 56
245 338 27
245 275 97
245 346 70
245 348 22
246 322 99
248 289 30
248 307 49
248 262 73
248 300 92
248 288 5
249 262 15
249 327 94
249 300 81
249 284 55
249 288 18
250 263 1
250 305 1
250 287 92
251 325 73
251 303 1
251 335 4
253 323 89
253 312 7
254 321 10
254 329 65
254 301 13
254 272 32
254 313 47
254 331 93
255 323 31
255 295 33
255 265 89
255 346 21
256 291 17
256 334 27
256 343 83
256 349 25
257 274 40
257 298 72
257 282 22
258 306 88
259 324 30
259 340 6
259 337 51
259 260 12
260 324 40
260 264 85
260 340 93
260 337 57
260 341 15
260 335 51
260 325 3
261 293 4
261 310 69
262 289 15
262 307 66
262 300 74
263 305 89
263 309 79
264 335 66
264 337 21
264 324 68
264 341 54
264 325 29
265 295 1
265 344 54
266 296 2
266 269 86
266 270 64
266 304 54
266 308 30
266 342 71
266 281 97
268 279 74
268 284 23
269 276 14
269 342 59
269 281 46
269 270 36
269 308 8
269 304 44
270 281 55
270 296 89
270 304 61
272 321 85
272 329 70
272 331 47
272 301 8
272 350 72
272 313 7
273 314 96
273 333 79
274 298 12
274 282 96
275 299 22
275 348 24
275 302 78
276 317 63
276 283 55
276 336 68
277 292 37
277 333 23
277 286 91
278 339 96
278 326 70
278 330 29
278 332 63
280 291 23
280 294 18
281 296 52
281 304 30
281 308 5
281 342 24
282 298 6
283 336 69
283 317 83
284 327 85
285 316 90
285 287 94
286 291 39
286 292 94
286 333 90
287 305 32
287 309 12
288 326 23
288 332 39
289 290 52
289 307 36
289 300 93
292 333 13
293 339 48
295 297 41
295 344 13
296 304 31
298 318 54
299 328 97
299 302 89
299 348 56
300 307 83
301 321 15
301 329 59
301 331 97
301 350 71
301 313 46
302 328 85
303 340 99
303 324 65
303 335 36
304 308 57
304 342 25
308 342 42
309 320 17
311 317 54
313 321 76
313 329 45
313 331 2
317 336 90
320 331 97
321 329 76
321 331 7
323 348 83
323 338 43
323 346 21
324 325 50
324 337 25
324 340 64
324 341 57
324 335 23
325 335 13
325 337 61
325 341 77
326 332 2
326 339 24
326 330 69
327 344 55
329 331 71
329 350 60
330 332 87
330 339 33
330 344 45
331 350 40
332 339 31
334 343 18
334 349 12
335 337 77
335 340 59
335 341 95
337 341 73
337 340 97
338 346 47
338 348 62
340 341 77
343 349 14
345 347 100
346 348 6
10
1
1
1 2
1 2 3
1 2 3 4 5 6
1 2 3 4 5 6 7 8 9 10 11
1 2 3 4 5 6 7 8 9 10 11 12 13 14 15 16 17 18 19 20 21 22
1 2 3 4 5 6 7 8 9 10 11 12 13 14 15 16 17 18 19 20 21 22 23 24 25 26 27 28 29 30 31 32 33 34 35 36 37 38 39 40 41 42 43 44
1 2 3 4 5 6 7 8 9 10 11 12 13 14 15 16 17 18 19 20 21 22 23 24 25 26 27 28 29 30 31 32 33 34 35 36 37 38 39 40 41 42 43 44 45 46 47 48 49 50 51 52 53 54 55 56 57 58 59 60 61 62 63 64 65 66 67 68 69 70 71 72 73 74 75 76 77 78 79 80 81 82 83 84 85 86 87 88
1 2 3 4 5 6 7 8 9 10 11 12 13 14 15 16 17 18 19 20 21 22 23 24 25 26 27 28 29 30 31 32 33 34 35 36 37 38 39 40 41 42 43 44 45 46 47 48 49 50 51 52 53 54 55 56 57 58 59 60 61 62 63 64 65 66 67 68 69 70 71 72 73 74 75 76 77 78 79 80 81 82 83 84 85 86 87 88 89 90 91 92 93 94 95 96 97 98 99 100 101 102 103 104 105 106 107 108 109 110 111 112 113 114 115 116 117 118 119 120 121 122 123 124 125 126 127 128 129 130 131 132 133 134 135 136 137 138 139 140 141 142 143 144 145 146 147 148 149 150 151 152 153 154 155 156 157 158 159 160 161 162 163 164 165 166 167 168 169 170 171 172 173 174 175
