980
1 140 61
1 93 83
1 144 42
1 200 1
2 161 52
2 130 32
2 164 59
2 6 100
2 7 34
2 169 35
2 138 85
2 14 47
2 175 76
2 112 82
2 81 3
2 178 59
2 196 83
2 183 87
2 120 32
2 27 47
2 191 16
2 128 20
3 193 81
3 33 39
3 131 53
3 198 80
3 9 23
3 56 21
3 145 64
3 73 93
3 148 64
3 22 60
3 184 2
3 89 26
3 153 35
3 156 65
3 192 83
4 97 60
4 163 18
4 40 41
4 58 60
4 136 77
4 142 11
4 80 55
5 162 89
5 99 65
5 37 48
5 167 52
5 49 33
5 18 10
5 85 36
5 182 20
5 26 8
5 154 63
5 28 94
5 189 72
5 96 21
6 161 18
6 130 4
6 196 63
6 7 38
6 169 99
6 138 55
6 14 96
6 175 66
6 112 89
6 81 68
6 178 76
6 164 11
6 183 57
6 120 7
6 27 95
6 191 35
6 128 18
7 161 63
7 82 45
7 178 64
7 81 57
7 169 40
7 191 74
7 175 53
7 15 58
7 112 4
8 146 72
8 125 40
8 95 43
8 122 15
9 193 99
9 33 100
9 131 43
9 73 66
9 56 62
9 89 32
9 148 97
9 22 24
9 184 31
9 153 85
9 156 96
9 192 3
10 66 47
10 35 27
10 69 69
10 103 97
10 136 48
10 137 55
10 75 19
10 46 48
10 111 55
10 54 54
10 133 70
10 91 79
10 190 39
11 100 92
11 52 65
11 132 92
11 181 37
11 185 19
12 199 18
12 67 87
12 188 44
12 150 97
12 119 4
12 139 71
12 44 76
12 29 25
12 79 23
13 164 62
13 101 31
13 138 75
13 171 14
13 17 18
13 50 71
13 179 74
13 149 40
13 25 31
13 27 84
13 158 62
13 31 26
14 130 36
14 164 64
14 178 94
14 171 50
14 120 16
14 51 76
14 175 45
14 112 72
14 17 9
14 50 78
14 147 73
14 196 84
14 183 7
14 138 54
14 59 65
14 27 80
14 158 73
14 159 84
15 161 3
15 81 42
15 92 89
15 101 66
15 119 68
15 107 96
15 188 6
15 29 85
15 199 22
16 18 68
16 99 65
16 26 53
16 24 80
16 154 18
16 93 46
16 62 68
16 47 88
17 173 66
17 59 18
17 116 68
17 134 52
17 138 84
17 77 73
17 50 49
17 147 88
17 20 94
17 27 3
17 158 98
17 31 100
18 49 47
18 99 62
18 26 28
18 167 78
18 24 34
18 154 87
18 28 31
18 189 24
19 34 57
19 84 49
19 78 79
19 87 4
19 143 24
20 196 69
20 133 86
20 134 68
20 137 9
20 138 96
20 77 70
20 147 38
20 69 89
20 91 24
20 158 48
20 159 100
20 36 8
20 173 55
20 46 37
20 51 65
20 116 6
20 117 26
20 54 9
20 74 1
20 59 62
20 63 34
21 97 75
21 155 29
21 180 46
21 61 76
22 33 77
22 153 90
22 148 77
22 156 92
22 184 82
22 89 43
22 56 56
22 131 68
22 192 15
23 41 13
23 30 44
23 165 46
23 126 69
23 102 22
24 49 17
24 99 50
24 37 13
24 71 99
24 43 61
24 47 100
24 113 36
24 53 3
24 26 24
24 189 46
24 62 79
25 179 35
25 85 3
25 149 31
25 157 86
25 94 60
25 31 93
25 96 84
26 49 80
26 99 5
26 37 65
26 113 26
26 43 56
26 47 96
26 177 82
26 154 44
26 189 55
26 62 80
27 161 37
27 196 27
27 101 75
27 178 73
27 130 11
27 138 6
27 171 37
27 175 63
27 112 81
27 50 5
27 147 29
27 164 78
27 149 17
27 120 1
27 158 20
27 31 46
28 99 34
28 85 8
28 182 26
28 167 80
28 154 9
28 172 45
28 189 10
28 96 39
29 44 67
29 67 85
29 188 83
29 119 58
29 199 58
29 107 4
29 79 41
29 139 99
29 150 7
30 41 20
30 165 86
30 102 37
30 126 87
31 50 64
31 179 30
31 149 84
31 158 91
31 171 49
31 94 93
31 96 45
32 65 96
32 67 44
32 197 16
32 168 97
32 139 100
32 72 15
33 131 42
33 198 4
33 56 87
33 145 70
33 153 25
33 83 72
33 184 91
33 89 49
33 156 57
33 192 83
34 121 37
34 195 12
34 118 28
34 185 27
34 174 43
35 66 74
35 106 31
35 103 70
35 58 36
35 75 57
35 190 97
35 111 33
36 51 79
36 133 75
36 134 77
36 137 10
36 173 31
36 63 37
36 77 30
36 46 23
36 147 33
36 116 68
36 117 17
36 54 40
36 74 75
36 69 64
36 59 73
36 91 70
36 159 100
37 162 57
37 99 65
37 167 2
37 49 29
37 170 57
37 176 4
37 177 59
37 182 9
37 123 99
37 189 83
38 146 92
38 100 66
38 132 84
38 52 98
38 185 24
38 122 66
38 187 94
38 125 93
39 129 54
39 115 21
39 166 53
39 135 27
39 57 29
39 48 64
39 64 13
40 97 95
40 163 85
40 136 44
40 80 72
40 124 5
40 141 45
40 128 20
41 165 6
41 126 5
42 82 13
42 68 64
42 188 96
42 79 44
42 55 6
42 88 84
42 105 71
42 76 25
42 109 50
42 127 64
43 177 48
43 49 11
43 113 44
43 71 79
43 123 70
43 62 81
43 47 58
43 176 4
44 65 35
44 67 41
44 188 77
44 197 59
44 150 20
44 199 43
44 139 75
45 114 18
45 118 61
45 186 81
45 90 20
45 108 86
45 157 47
45 94 71
45 160 60
46 130 11
46 133 16
46 196 60
46 136 42
46 137 88
46 141 30
46 147 96
46 111 6
46 190 10
46 51 53
46 183 24
46 69 78
46 91 77
46 59 61
46 159 87
47 113 58
47 49 8
47 99 11
47 53 57
47 71 70
47 62 2
48 129 80
48 115 8
48 135 70
48 152 94
48 57 86
48 74 75
48 140 34
48 63 75
48 64 43
49 177 33
49 99 43
49 167 18
49 176 52
49 113 35
49 123 12
49 189 48
49 62 59
50 161 33
50 130 48
50 164 91
50 101 37
50 138 10
50 171 39
50 112 72
50 178 13
50 196 75
50 149 82
50 120 26
50 158 49
51 59 36
51 130 33
51 196 21
51 69 55
51 137 10
51 141 97
51 147 30
51 183 38
51 133 91
51 91 7
51 190 4
51 159 87
52 146 18
52 100 7
52 132 88
52 125 14
53 113 51
53 71 15
53 200 75
53 62 13
53 144 63
54 166 22
54 103 99
54 137 52
54 106 98
54 111 62
54 190 36
54 117 11
54 91 100
54 59 93
54 63 84
55 82 50
55 76 84
55 88 24
55 105 58
55 60 79
55 109 31
55 127 19
56 89 27
56 148 46
56 184 95
57 129 60
57 115 97
57 135 60
57 152 46
57 64 58
57 140 56
58 66 93
58 75 85
58 80 26
59 196 79
59 69 7
59 134 22
59 137 61
59 138 80
59 77 71
59 147 15
59 133 65
59 91 32
59 158 94
59 159 99
59 173 82
59 116 3
59 117 66
59 183 40
60 82 92
60 105 22
60 76 64
60 61 20
60 127 79
61 155 83
62 113 7
62 99 15
62 71 53
63 134 4
63 74 98
63 172 60
63 173 71
63 77 70
63 116 34
63 117 56
63 152 71
64 129 2
64 115 56
64 135 75
64 152 53
64 140 59
65 67 89
65 197 65
65 72 69
65 139 26
65 168 41
66 106 87
66 103 54
66 75 37
66 190 33
66 111 11
67 70 78
67 139 5
67 79 26
68 198 81
68 105 17
68 76 41
68 109 27
68 79 13
68 145 82
68 83 48
68 88 44
68 156 93
68 127 56
68 192 52
69 196 89
69 133 13
69 103 75
69 136 32
69 137 4
69 141 42
69 147 31
69 111 23
69 190 62
69 183 50
69 91 15
69 159 56
70 193 12
70 73 90
70 198 57
70 168 32
70 153 37
70 139 31
70 156 86
70 131 63
70 79 96
70 192 40
71 113 28
72 197 76
72 102 91
72 86 55
73 193 9
73 153 36
73 198 27
73 168 98
73 184 39
73 131 24
73 192 53
74 116 99
74 117 53
74 134 83
74 152 68
74 173 28
74 172 19
74 77 4
75 103 81
75 106 59
75 190 30
75 111 70
76 88 10
76 105 32
76 109 35
76 127 9
77 134 62
77 172 91
77 173 85
77 116 71
77 147 71
77 117 37
78 98 84
78 84 88
78 197 52
78 150 43
78 87 11
78 143 99
79 88 40
79 139 55
79 109 43
79 127 34
79 198 28
80 97 61
80 142 35
80 110 81
81 161 73
81 82 66
81 169 89
81 175 8
81 191 85
81 112 7
82 105 47
82 191 36
83 145 13
83 198 22
83 88 68
83 156 70
83 109 70
83 127 99
83 192 8
84 98 87
84 150 53
84 87 63
84 143 87
84 160 89
85 172 85
85 96 43
86 197 2
86 102 27
87 197 54
87 150 5
87 143 27
88 198 43
88 105 74
88 109 93
88 145 27
88 156 65
88 127 44
89 148 61
89 184 64
90 114 61
90 179 76
90 118 82
90 194 76
90 108 39
90 94 97
90 160 98
91 103 65
91 137 51
91 147 77
91 111 73
91 183 39
91 133 100
91 190 98
91 159 12
92 161 8
92 164 91
92 101 73
92 119 95
92 199 29
92 171 23
92 188 74
92 107 2
93 144 5
93 140 55
93 200 28
94 194 54
94 179 60
94 157 47
95 122 83
95 104 83
96 182 88
97 163 17
97 180 36
97 142 25
98 194 24
98 150 45
98 160 5
99 167 57
99 154 45
99 189 29
100 146 67
100 132 84
100 185 20
100 181 57
101 161 87
101 164 54
101 199 32
101 178 87
101 107 89
101 149 78
101 119 35
101 120 20
101 171 26
103 136 76
103 137 2
103 111 6
103 106 23
103 133 89
103 190 88
105 109 48
105 127 71
106 129 37
106 166 13
107 161 15
107 119 10
107 199 28
107 188 61
108 114 25
108 118 84
108 121 59
108 187 15
108 185 57
108 174 12
108 160 44
109 198 83
109 145 6
109 156 25
109 127 12
110 142 30
110 151 6
111 133 12
111 136 15
111 137 51
111 190 38
111 159 91
112 161 4
112 130 17
112 164 51
112 169 21
112 138 68
112 175 12
112 178 74
112 196 49
112 183 45
112 120 80
112 191 28
113 176 59
114 186 45
114 187 24
114 157 38
115 129 53
115 140 49
115 166 81
115 135 14
115 152 92
116 173 24
116 134 78
116 172 78
116 147 75
116 117 95
116 152 23
117 173 61
117 134 1
117 172 65
117 152 75
118 195 67
118 185 55
118 187 68
118 174 48
118 121 67
118 160 30
119 161 15
119 188 93
119 199 33
120 161 77
120 196 92
120 130 62
120 138 41
120 171 61
120 175 9
120 178 7
120 147 77
120 164 94
120 183 34
121 195 60
121 185 76
121 187 47
121 174 22
121 160 92
122 146 36
122 187 23
123 177 65
123 170 10
123 176 40
124 163 1
124 169 54
124 136 62
124 141 4
124 128 29
125 146 42
126 165 86
128 163 17
128 183 60
128 169 36
128 141 66
128 175 78
128 191 70
129 166 99
129 135 36
130 161 96
130 164 7
130 138 89
130 175 27
130 178 62
130 147 74
130 196 3
130 183 79
130 159 73
131 193 85
131 198 45
131 168 62
131 184 21
131 153 18
131 156 55
131 192 46
132 181 95
133 136 70
133 137 32
133 141 42
133 147 48
133 196 8
133 183 93
133 190 73
133 159 92
134 173 73
134 172 45
134 152 40
135 166 20
136 163 6
136 141 77
136 190 36
136 159 76
137 141 35
137 183 47
137 147 3
137 190 69
137 159 76
137 196 44
138 196 44
138 147 98
138 178 66
138 171 31
138 175 74
138 183 22
138 164 33
138 158 81
139 168 40
140 152 46
141 163 37
141 175 85
141 169 13
141 183 2
141 159 8
142 180 29
142 151 12
143 197 26
144 200 80
145 198 16
145 153 40
145 156 88
145 192 20
146 185 74
146 187 67
147 196 7
147 183 70
147 158 22
147 159 45
148 184 64
149 179 68
149 164 46
149 171 36
149 158 32
150 197 9
150 199 29
152 172 73
153 193 2
153 198 65
153 168 94
153 184 6
153 156 34
153 192 6
154 189 61
156 198 65
156 192 20
157 182 92
157 186 26
158 196 87
158 173 99
159 196 57
159 190 50
159 183 36
160 194 82
160 174 79
161 199 32
161 164 3
161 178 98
161 171 84
162 182 58
162 167 21
162 186 54
164 178 53
164 171 69
167 177 31
167 182 80
167 189 99
168 198 45
168 184 48
168 193 67
168 192 41
169 175 73
169 191 34
170 177 79
170 176 94
171 178 59
171 179 24
172 173 4
174 195 94
174 185 44
175 196 42
175 178 82
175 183 23
175 191 14
176 177 23
178 196 46
179 194 84
182 189 85
182 186 46
183 196 88
184 193 24
185 195 65
185 187 21
188 199 97
192 193 98
192 198 13
10
1
1
1
1 2
1 2 3 4
1 2 3 4 5 6 7
1 2 3 4 5 6 7 8 9 10 11 12 13
1 2 3 4 5 6 7 8 9 10 11 12 13 14 15 16 17 18 19 20 21 22 23 24 25
1 2 3 4 5 6 7 8 9 10 11 12 13 14 15 16 17 18 19 20 21 22 23 24 25 26 27 28 29 30 31 32 33 34 35 36 37 38 39 40 41 42 43 44 45 46 47 48 49 50
1 2 3 4 5 6 7 8 9 10 11 12 13 14 15 16 17 18 19 20 21 22 23 24 25 26 27 28 29 30 31 32 33 34 35 36 37 38 39 40 41 42 43 44 45 46 47 48 49 50 51 52 53 54 55 56 57 58 59 60 61 62 63 64 65 66 67 68 69 70 71 72 73 74 75 76 77 78 79 80 81 82 83 84 85 86 87 88 89 90 91 92 93 94 95 96 97 98 99 100
