1206
1 177 100
1 213 29
1 102 87
1 185 16
1 29 70
1 171 32
1 45 76
1 175 4
2 177 27
2 79 48
2 199 80
2 216 85
2 185 48
2 171 20
2 88 20
2 175 8
3 34 89
3 131 25
3 4 16
3 13 79
3 80 8
3 241 79
3 50 42
3 115 55
3 116 40
3 119 32
3 16 97
3 126 4
4 98 35
4 228 54
4 16 25
4 173 51
4 112 75
4 241 5
4 116 55
4 22 18
4 152 56
4 186 76
4 80 43
5 36 98
5 205 43
5 236 61
5 160 54
5 83 70
5 178 22
5 51 91
5 183 50
5 89 1
5 26 76
5 156 24
5 224 70
6 17 62
6 226 85
6 84 16
6 164 18
6 82 11
6 201 2
6 210 43
6 204 4
6 141 59
6 219 84
6 239 90
7 20 55
7 109 26
7 52 86
7 135 38
7 136 90
7 137 88
7 250 58
7 12 7
7 189 17
7 32 28
8 161 67
8 153 63
8 139 47
8 194 45
8 169 81
8 27 3
8 72 60
8 157 72
8 110 40
9 20 51
9 148 38
9 135 84
9 137 67
9 202 80
9 108 55
9 109 83
9 46 28
9 52 35
9 64 11
9 189 82
9 32 22
10 81 12
10 243 88
10 37 52
10 42 87
10 11 63
10 60 32
10 123 52
10 128 53
11 25 62
11 243 51
11 37 37
11 117 94
11 42 73
11 105 37
11 60 92
11 128 64
12 225 97
12 52 75
12 20 43
12 135 33
12 136 35
12 137 19
12 250 96
12 189 13
12 32 62
13 75 44
13 176 12
13 173 62
13 174 87
13 80 58
13 49 56
13 212 22
13 54 44
13 55 79
13 152 84
13 16 84
13 126 35
13 86 76
14 195 30
14 100 78
14 165 39
14 198 86
14 200 75
14 172 76
14 111 32
14 146 91
14 19 33
14 132 79
14 149 19
14 249 19
14 31 40
15 129 13
15 66 35
15 227 7
15 100 51
15 165 45
15 71 46
15 159 56
16 209 33
16 131 53
16 34 62
16 241 50
16 174 50
16 49 31
16 212 87
16 55 62
16 152 69
16 80 66
16 126 85
17 226 26
17 35 59
17 168 75
17 203 91
17 204 82
17 206 98
17 239 81
17 208 97
18 130 68
18 69 60
18 170 48
18 140 45
18 30 40
18 207 88
18 191 29
18 113 55
18 181 96
18 150 32
18 245 51
18 62 27
18 223 84
19 195 23
19 132 46
19 198 56
19 200 54
19 233 75
19 172 99
19 238 56
19 149 49
19 218 100
19 31 29
19 232 66
20 52 70
20 108 12
20 135 29
20 136 66
20 202 49
20 109 54
20 46 11
20 137 64
20 148 66
20 247 56
20 64 21
20 189 77
20 32 18
21 67 4
21 38 14
21 24 19
21 240 24
21 125 93
21 48 6
22 130 8
22 228 20
22 69 10
22 191 92
22 98 35
22 170 95
22 30 73
22 186 42
22 112 71
23 229 65
23 134 18
23 168 56
23 141 92
23 238 77
23 210 74
23 84 18
23 218 38
23 155 100
23 188 74
23 219 12
23 95 67
24 83 54
24 160 51
24 125 4
24 28 73
24 205 89
24 240 3
24 48 47
25 117 16
25 53 7
25 42 11
25 105 28
25 154 73
25 138 100
26 162 53
26 83 63
26 36 72
26 183 47
26 236 63
26 51 7
26 224 78
27 161 41
27 194 21
27 207 43
27 169 9
27 72 95
27 157 58
27 110 97
27 127 42
27 62 52
28 48 75
28 125 24
28 240 87
28 120 43
29 209 46
29 213 34
29 102 46
29 55 79
29 58 76
29 75 81
29 45 34
29 175 17
30 130 2
30 69 12
30 140 23
30 207 32
30 113 12
30 181 28
30 245 18
30 62 14
30 223 62
30 150 48
31 195 51
31 100 60
31 198 74
31 200 54
31 107 60
31 172 12
31 47 35
31 132 77
31 149 13
31 232 94
32 148 1
32 135 32
32 136 70
32 109 24
32 46 78
32 137 70
32 52 11
32 189 29
33 115 62
33 180 82
33 229 14
33 164 74
33 106 94
33 219 65
33 141 42
33 131 41
33 230 44
34 241 92
34 50 8
34 116 34
34 119 98
34 131 7
34 209 91
34 80 51
34 126 48
34 115 56
35 85 69
35 168 38
35 121 63
35 90 50
35 203 69
35 204 55
35 206 48
35 208 40
36 162 67
36 160 50
36 236 53
36 205 48
36 51 78
36 48 31
36 178 82
36 83 53
36 183 19
36 89 75
36 156 84
36 240 56
36 224 63
37 129 7
37 243 68
37 117 95
37 42 34
37 60 84
37 99 24
37 128 7
38 67 5
38 151 79
38 89 26
38 235 68
38 156 37
38 125 51
38 63 62
39 193 75
39 178 25
39 167 91
39 151 38
39 74 67
39 91 46
39 44 51
39 158 20
40 81 36
40 148 62
40 70 66
40 123 93
40 46 89
40 128 9
41 97 71
41 243 98
41 196 50
41 117 58
41 163 71
41 153 71
41 211 23
41 60 1
41 93 14
41 99 54
42 105 82
42 243 32
42 117 54
42 60 27
43 122 69
43 147 43
43 142 43
43 182 88
44 193 19
44 178 56
44 91 6
44 167 55
44 151 7
44 89 81
44 74 73
44 235 29
44 158 59
44 63 44
45 213 10
45 102 48
45 58 23
46 148 87
46 70 92
46 109 32
46 123 69
46 189 66
47 100 22
47 195 56
47 244 23
47 149 52
47 87 83
47 232 78
47 107 94
47 172 7
47 78 44
48 83 53
48 156 93
48 205 39
48 125 81
48 240 68
48 160 34
49 75 80
49 173 40
49 174 27
49 176 58
49 212 52
49 54 81
49 55 83
49 152 34
49 126 51
49 86 16
50 215 98
50 231 61
50 170 36
50 80 26
50 241 23
50 115 85
50 116 39
50 119 59
50 186 13
50 191 57
51 162 93
51 236 25
51 205 96
51 178 15
51 83 31
51 183 72
51 89 21
51 156 95
51 224 66
52 108 43
52 135 69
52 136 90
52 137 4
52 202 26
52 109 47
52 247 47
52 250 42
52 189 82
52 64 78
53 105 76
53 138 56
53 122 53
53 124 97
53 154 12
54 212 37
54 175 76
54 55 3
54 75 83
54 174 93
54 79 58
54 176 45
55 75 97
55 174 26
55 175 27
55 209 6
55 212 79
55 213 64
55 126 98
56 92 40
56 101 2
56 134 11
56 146 62
56 237 67
56 111 89
56 242 65
56 248 5
56 249 5
56 133 5
56 155 62
56 192 22
56 94 32
56 96 11
57 145 39
57 118 97
57 121 68
57 221 10
57 59 41
57 77 84
58 209 52
58 164 26
58 213 32
58 102 55
58 106 94
58 201 51
59 145 71
59 118 9
59 221 56
59 220 80
59 77 82
59 222 100
60 129 44
60 66 5
60 227 11
60 211 89
60 97 24
60 243 70
60 159 3
60 128 84
61 217 99
61 114 35
61 144 33
61 197 61
61 104 53
62 161 85
62 130 53
62 169 59
62 140 33
62 207 29
62 113 57
62 181 20
62 150 55
62 223 19
62 245 20
62 127 27
63 193 38
63 67 71
63 167 70
63 151 37
63 89 79
63 235 96
63 158 81
64 148 79
64 71 13
64 202 22
64 108 1
64 109 67
64 242 33
64 247 59
64 248 15
64 137 76
64 189 76
65 74 56
65 187 84
66 97 78
66 129 94
66 227 79
66 100 29
66 211 81
66 159 17
67 130 62
67 69 45
67 235 49
67 125 71
67 112 22
68 212 45
68 86 34
68 120 84
68 152 97
68 173 49
68 176 76
69 130 8
69 228 1
69 170 25
69 235 39
69 140 96
69 112 6
69 181 57
69 186 58
70 81 39
70 148 6
70 123 94
70 109 46
70 128 25
71 81 58
71 129 59
71 165 2
71 159 57
71 123 33
71 108 17
71 128 28
72 194 71
72 76 43
72 114 78
72 104 71
72 139 42
72 110 83
73 226 16
73 143 21
73 246 12
73 82 65
73 201 59
73 239 61
74 193 31
74 91 54
74 167 3
74 187 3
74 158 67
74 151 20
75 209 81
75 213 54
75 126 23
75 175 3
75 174 4
76 114 75
76 197 72
76 217 20
76 104 88
76 110 48
77 145 65
77 221 43
77 118 29
78 113 50
78 161 89
78 244 63
78 245 35
78 223 89
78 87 32
78 232 93
78 169 84
78 107 29
78 157 92
79 177 91
79 185 55
79 175 99
80 98 6
80 241 29
80 116 56
80 119 14
80 186 3
80 126 16
81 129 17
81 123 94
81 159 49
81 128 55
82 226 90
82 246 74
82 143 86
82 201 40
82 239 10
83 162 14
83 236 63
83 205 29
83 224 84
83 156 57
83 183 21
83 89 30
83 240 11
83 160 28
84 210 6
84 168 76
84 203 50
84 188 40
84 141 94
84 219 100
84 95 69
85 121 37
85 203 45
85 204 31
85 206 97
85 208 79
86 212 11
86 152 81
86 173 79
86 174 81
86 176 30
87 113 53
87 161 99
87 244 18
87 245 82
87 232 87
87 169 34
87 149 80
87 107 97
87 223 37
88 199 98
88 103 21
88 216 40
88 171 21
88 190 69
89 193 55
89 205 89
89 178 8
89 151 44
89 236 48
89 156 47
89 158 9
89 160 92
90 133 8
90 134 77
90 168 16
90 101 40
90 203 94
90 222 53
90 192 54
91 193 84
91 167 78
91 158 73
91 151 53
92 242 34
92 192 100
92 133 9
92 247 40
92 184 53
92 101 80
92 248 47
92 237 86
92 94 41
92 96 72
93 163 24
93 196 54
93 99 85
93 144 48
94 133 94
94 134 50
94 242 15
94 237 68
94 192 82
94 111 44
94 146 57
94 248 48
94 249 41
94 101 65
94 155 35
94 96 70
95 210 78
95 134 11
95 168 68
95 218 38
95 219 18
95 188 6
95 141 59
95 155 86
96 101 38
96 134 68
96 242 43
96 202 64
96 248 100
96 237 18
96 111 8
96 146 38
96 247 81
96 249 3
96 133 98
96 155 41
96 192 46
97 129 35
97 211 7
97 99 21
97 243 98
97 153 67
97 227 14
98 241 41
98 228 98
98 186 78
98 170 71
98 112 26
99 211 98
99 196 99
99 117 85
99 243 22
99 163 38
100 227 89
100 165 22
100 198 8
100 149 91
100 172 50
101 133 92
101 134 24
101 237 66
101 192 12
101 111 69
101 242 53
101 248 31
101 249 77
101 155 86
101 222 91
102 213 73
103 171 52
103 190 43
103 199 100
103 216 39
104 114 35
104 197 34
104 217 88
105 138 69
105 154 97
106 164 29
106 115 9
106 180 87
106 229 10
106 230 35
106 141 7
106 219 100
106 209 69
106 131 5
107 113 73
107 161 95
107 195 30
107 244 75
107 149 46
107 232 67
107 172 97
108 148 61
108 242 33
108 137 94
108 202 9
108 109 57
108 247 76
108 248 29
108 189 83
109 148 20
109 135 6
109 137 41
109 189 96
110 114 96
110 194 53
110 127 83
110 207 7
111 132 9
111 134 64
111 200 91
111 146 50
111 249 28
111 218 13
111 155 99
111 192 26
112 228 97
112 130 14
112 170 50
112 186 51
113 161 39
113 232 53
113 169 62
113 140 61
113 244 92
113 245 25
113 191 82
113 223 70
114 217 11
114 197 78
115 229 14
115 230 93
115 131 92
115 241 15
115 116 26
115 119 36
115 180 23
116 241 21
116 231 42
116 215 85
116 186 4
116 119 14
117 243 53
117 147 64
117 124 82
118 145 81
118 184 56
118 221 80
118 220 70
118 222 24
119 241 87
119 215 23
119 231 72
121 145 4
121 221 18
121 206 74
122 147 61
122 182 52
122 154 71
122 138 40
122 124 21
122 142 89
123 159 13
123 128 91
124 147 27
124 182 89
124 138 1
124 154 59
124 142 15
125 240 37
125 160 28
126 209 35
126 131 86
126 241 20
126 174 37
126 212 33
127 161 73
127 194 31
127 150 96
127 169 98
127 187 93
127 140 94
127 157 82
127 207 38
128 129 65
128 159 34
129 227 98
129 159 22
130 181 49
130 235 84
130 140 73
130 150 73
131 209 29
131 230 39
132 195 16
132 198 72
132 200 47
132 233 6
132 172 30
132 238 80
132 149 94
132 249 55
132 218 98
133 134 60
133 237 21
133 242 42
133 248 2
133 222 13
133 192 85
134 192 4
134 249 80
134 155 82
134 188 86
135 225 19
135 148 92
135 136 22
135 137 35
135 247 86
135 250 26
135 189 4
136 225 5
136 137 16
136 250 19
136 189 67
137 225 35
137 202 14
137 247 65
137 250 5
137 189 14
138 147 11
138 182 50
138 154 50
139 194 20
139 163 30
139 196 33
139 153 28
139 157 25
140 207 5
140 245 97
140 150 7
140 181 32
140 223 2
141 164 61
141 229 62
141 230 63
141 201 52
141 239 5
141 210 67
141 180 43
141 219 22
141 188 88
142 182 90
142 147 49
143 201 70
143 246 60
143 226 85
144 163 22
144 196 83
145 221 83
145 222 17
146 242 12
146 165 100
146 198 16
146 200 19
146 249 22
146 248 72
147 182 21
147 154 76
148 189 56
149 195 78
149 198 93
149 244 71
149 232 96
149 172 79
149 200 38
150 207 38
150 181 62
150 223 7
150 245 31
150 187 56
151 193 19
151 167 53
151 235 21
151 158 41
152 212 45
152 176 67
152 173 32
152 174 29
153 194 89
153 211 60
153 157 39
154 182 83
155 200 37
155 192 42
155 249 56
155 218 18
155 188 92
156 236 32
156 205 13
156 240 86
156 178 33
156 183 61
156 160 60
157 161 7
157 194 77
157 169 93
158 193 85
158 178 46
158 167 73
159 227 40
159 165 83
160 162 2
160 205 73
160 240 18
160 183 24
161 194 52
161 169 87
161 244 88
161 245 42
161 223 88
162 183 2
162 236 50
162 205 49
162 224 47
163 196 25
164 229 97
164 230 20
164 201 89
164 239 93
164 210 90
164 180 66
164 219 14
165 227 91
165 198 31
166 225 39
166 250 76
166 179 46
166 214 56
166 234 66
167 193 17
167 235 8
168 210 61
168 208 39
168 203 15
168 204 22
168 192 46
169 194 71
169 207 78
169 245 30
169 223 7
170 228 36
170 231 26
170 191 87
170 215 55
170 186 50
170 223 15
171 199 44
171 185 11
171 177 37
171 216 26
171 190 3
172 195 66
172 244 97
172 198 2
172 232 44
172 233 22
172 200 44
173 212 24
173 174 65
173 176 45
174 176 13
174 212 50
175 177 61
175 213 22
175 185 12
176 212 84
177 199 46
177 216 51
177 185 21
178 193 29
178 236 71
178 205 81
179 225 66
179 250 83
179 214 24
179 234 8
180 210 18
180 229 92
180 230 55
180 219 20
181 223 89
181 245 19
181 235 6
181 207 42
183 236 39
183 205 45
183 224 84
184 225 28
184 220 98
184 247 84
184 250 77
184 237 1
185 216 36
186 228 36
186 241 51
186 191 54
187 207 59
188 210 70
188 229 86
188 218 72
188 219 27
188 238 60
189 202 69
189 247 17
190 216 79
190 199 30
191 215 35
191 245 49
191 231 54
191 223 93
192 237 2
192 222 38
193 235 48
194 207 100
195 198 39
195 232 25
195 233 66
195 238 86
195 244 58
195 200 92
197 217 26
198 200 76
198 249 72
199 216 55
200 233 37
200 238 65
200 249 11
200 218 2
201 239 27
202 237 2
202 242 2
202 247 73
202 248 37
203 210 32
203 204 55
203 208 27
204 226 27
204 206 91
204 239 78
204 208 67
205 236 100
205 240 77
205 224 55
206 226 57
206 208 73
208 226 60
209 213 21
210 239 52
210 219 73
211 243 33
214 225 44
214 234 5
214 250 30
215 231 17
218 249 55
218 233 80
218 238 32
219 229 44
219 230 10
219 239 18
223 245 85
224 236 24
225 250 57
226 239 79
229 230 44
229 233 36
229 238 97
232 244 6
233 238 54
237 242 78
237 247 50
237 248 10
242 247 52
242 248 14
247 248 63
10
1
1
1
1 2
1 2 3 4
1 2 3 4 5 6 7 8
1 2 3 4 5 6 7 8 9 10 11 12 13 14 15 16
1 2 3 4 5 6 7 8 9 10 11 12 13 14 15 16 17 18 19 20 21 22 23 24 25 26 27 28 29 30 31 32
1 2 3 4 5 6 7 8 9 10 11 12 13 14 15 16 17 18 19 20 21 22 23 24 25 26 27 28 29 30 31 32 33 34 35 36 37 38 39 40 41 42 43 44 45 46 47 48 49 50 51 52 53 54 55 56 57 58 59 60 61 62 63
1 2 3 4 5 6 7 8 9 10 11 12 13 14 15 16 17 18 19 20 21 22 23 24 25 26 27 28 29 30 31 32 33 34 35 36 37 38 39 40 41 42 43 44 45 46 47 48 49 50 51 52 53 54 55 56 57 58 59 60 61 62 63 64 65 66 67 68 69 70 71 72 73 74 75 76 77 78 79 80 81 82 83 84 85 86 87 88 89 90 91 92 93 94 95 96 97 98 99 100 101 102 103 104 105 106 107 108 109 110 111 112 113 114 115 116 117 118 119 120 121 122 123 124 125
