1589
1 114 39
1 21 74
1 299 62
1 173 74
1 11 41
1 240 40
1 77 26
1 46 99
1 96 45
2 145 32
2 113 63
2 20 73
2 53 8
2 6 29
2 74 70
2 202 32
2 252 3
2 95 9
2 160 71
3 97 25
3 101 27
3 198 42
3 264 67
3 73 19
3 42 28
3 269 41
3 110 47
3 81 53
3 179 24
3 244 55
3 249 1
3 250 71
4 150 76
4 87 49
4 200 74
4 57 3
4 234 31
4 27 55
4 224 28
4 125 85
4 80 67
5 171 12
5 286 97
5 152 76
6 197 60
6 180 15
6 202 19
6 172 99
6 144 48
6 113 5
6 20 93
6 215 25
6 216 99
6 160 58
6 32 19
7 209 18
7 227 22
7 262 91
7 138 45
7 78 40
7 127 77
7 54 62
8 289 5
8 52 3
8 214 71
8 157 93
8 14 20
8 287 92
9 225 23
9 194 89
9 68 81
9 69 41
9 102 88
9 201 12
9 174 76
9 271 32
9 207 16
9 115 47
9 84 100
9 118 55
9 120 79
9 284 87
9 58 20
9 124 34
9 62 42
9 31 67
10 226 22
10 103 31
10 136 72
10 75 79
10 300 22
10 237 14
10 158 54
10 210 75
10 117 5
10 88 61
10 283 69
10 30 85
10 128 9
11 101 30
11 73 22
11 173 35
11 77 33
11 275 78
11 240 35
11 81 19
11 179 38
11 21 92
11 170 26
11 249 68
11 176 97
11 192 52
12 257 52
12 149 11
12 294 23
12 23 98
12 217 46
12 278 79
12 189 52
12 112 96
13 98 53
13 201 99
13 267 66
13 169 76
13 115 78
13 84 30
13 85 2
13 151 46
13 120 75
13 154 82
13 218 58
13 283 56
13 188 62
13 128 73
14 289 75
14 52 57
14 132 100
14 285 54
14 157 48
14 287 82
15 290 17
15 38 75
15 24 24
16 97 78
16 275 6
16 277 82
16 91 53
16 106 54
16 42 11
16 123 76
16 190 33
16 251 57
16 192 37
17 225 18
17 195 36
17 229 33
17 56 10
17 58 33
17 90 42
17 133 25
17 45 75
17 271 43
18 285 19
18 59 9
18 132 87
18 293 69
18 107 12
19 273 11
19 258 50
19 211 63
19 140 72
19 245 68
19 108 73
19 173 48
19 240 52
20 113 61
20 53 67
20 25 50
20 202 68
20 172 13
20 111 42
20 144 67
21 101 88
21 73 64
21 170 70
21 173 58
21 179 19
21 240 69
21 81 64
21 77 49
21 275 100
21 249 8
21 176 53
21 192 1
22 263 46
22 297 3
22 266 58
22 141 49
22 51 11
22 47 73
22 142 97
22 83 99
22 182 34
22 183 32
22 298 82
22 186 67
22 272 26
23 155 68
23 135 22
23 199 29
24 34 75
24 67 4
24 166 35
24 295 79
24 290 93
24 171 12
24 76 38
24 38 51
24 152 20
24 219 32
24 286 82
24 134 70
25 99 89
25 119 72
25 248 93
25 233 13
25 172 52
25 111 42
26 209 79
26 228 93
26 197 54
26 215 83
26 231 54
26 159 50
26 261 47
26 262 28
26 71 55
26 223 73
26 144 33
27 122 55
27 187 21
27 200 4
27 80 86
28 193 15
28 292 45
28 230 58
28 167 70
28 168 29
28 265 82
28 109 60
28 175 5
28 222 84
28 177 39
28 79 39
28 121 30
28 253 60
28 126 64
29 241 11
29 178 53
29 260 4
29 55 8
29 130 49
29 216 31
29 206 62
29 239 40
29 280 15
30 82 25
30 260 74
30 88 62
30 185 76
30 210 72
30 136 95
30 158 16
30 226 30
30 206 8
31 225 40
31 194 36
31 164 58
31 69 18
31 102 74
31 174 53
31 207 59
31 89 76
31 243 28
31 68 58
31 271 4
31 279 45
31 56 23
31 281 12
31 58 57
31 284 36
31 62 82
31 118 42
32 197 5
32 40 33
32 202 79
32 232 77
32 239 60
32 144 65
32 113 64
32 178 90
32 180 45
32 55 63
32 216 67
32 254 91
32 160 3
33 65 96
33 114 50
33 259 22
33 36 18
33 86 88
33 217 60
33 282 51
33 294 1
33 139 55
33 96 78
34 152 22
34 76 28
34 166 80
34 295 9
34 41 67
34 219 57
34 204 26
34 93 5
34 286 31
34 134 46
35 209 77
35 146 20
35 163 33
35 261 50
35 119 51
35 104 60
35 165 16
35 92 74
35 66 61
35 63 99
35 64 60
36 65 38
36 259 56
36 96 12
36 86 6
36 114 20
36 282 99
36 139 54
36 44 12
36 299 50
36 46 14
37 148 14
37 181 7
37 264 37
37 105 100
37 250 44
37 220 42
37 269 45
37 94 36
38 290 36
38 295 42
38 152 14
38 171 63
38 286 98
39 70 90
39 297 52
39 266 54
39 235 63
39 270 63
39 272 34
39 50 35
39 211 28
39 245 19
39 183 2
39 298 55
39 60 22
40 130 21
40 143 91
40 232 27
40 280 38
40 239 39
40 48 57
40 178 81
40 180 68
40 149 26
40 278 36
40 55 34
40 216 69
40 213 60
40 254 91
41 259 91
41 295 99
41 134 15
41 199 74
41 139 81
41 86 98
41 152 9
41 217 47
41 155 82
41 93 29
41 219 53
42 97 89
42 101 79
42 198 77
42 264 18
42 73 75
42 72 62
42 269 7
42 110 7
42 81 57
42 244 60
42 181 38
42 250 72
43 131 10
43 196 86
43 70 68
43 297 84
43 266 4
43 51 31
43 272 59
43 211 81
43 245 88
43 183 79
43 106 62
43 186 94
43 251 58
44 46 85
45 137 85
45 195 48
45 56 91
45 153 67
45 90 94
45 156 76
45 238 88
45 271 5
46 65 77
46 114 75
46 299 70
47 226 89
47 141 87
47 117 50
47 183 7
47 297 33
47 298 49
47 60 28
47 237 80
47 270 88
47 272 30
48 257 49
48 130 92
48 149 73
48 278 91
48 232 51
48 213 43
48 280 22
48 254 34
48 143 77
49 276 67
49 252 84
49 246 82
49 95 73
49 184 28
50 241 18
50 82 19
50 235 5
50 60 26
50 270 63
50 143 44
51 266 38
51 196 25
51 183 41
51 186 89
51 297 7
51 298 33
51 141 85
51 142 14
51 272 80
52 289 76
52 157 69
52 287 26
53 113 63
53 111 33
53 74 15
54 242 79
54 227 30
54 293 19
54 247 90
54 138 31
54 221 52
54 78 66
54 127 89
55 130 22
55 228 27
55 197 30
55 280 29
55 232 30
55 239 42
55 144 7
55 178 14
55 180 10
55 215 4
55 216 75
55 254 65
56 195 27
56 164 78
56 137 96
56 238 100
56 271 50
56 243 65
56 156 27
56 153 41
56 58 49
56 284 88
57 161 61
57 147 2
57 150 9
57 87 11
57 200 94
57 169 9
57 234 41
57 125 12
57 212 44
57 224 9
58 225 78
58 194 6
58 195 66
58 164 10
58 69 93
58 102 94
58 174 29
58 207 76
58 238 8
58 137 18
58 156 30
58 271 96
58 153 50
58 284 91
58 62 64
58 118 94
59 242 72
59 107 54
59 293 62
59 208 33
60 183 60
60 298 21
60 297 92
60 266 90
60 235 1
60 270 29
60 70 89
61 242 92
61 247 57
61 274 35
61 122 19
61 187 20
61 288 40
61 208 80
62 225 87
62 194 7
62 68 89
62 69 54
62 102 67
62 174 62
62 207 40
62 201 60
62 115 47
62 164 2
62 284 90
62 118 65
62 279 12
62 120 28
62 89 77
62 124 75
63 209 39
63 146 29
63 261 82
63 119 10
63 104 94
63 165 36
63 92 91
63 66 89
63 163 17
63 64 49
64 289 71
64 66 18
64 165 87
64 104 33
64 157 91
64 209 75
64 146 47
64 92 18
64 285 9
64 287 42
65 259 61
65 294 91
65 299 61
65 114 21
65 86 96
65 217 15
65 282 45
65 139 76
65 96 66
66 163 36
66 165 78
66 99 23
66 104 58
66 233 3
66 146 36
66 119 22
66 261 59
66 92 21
67 290 2
67 204 64
67 246 48
67 166 52
68 225 89
68 194 34
68 124 69
68 69 22
68 102 15
68 103 32
68 75 27
68 300 16
68 237 86
68 174 92
68 207 72
68 201 19
68 115 89
68 118 65
68 120 96
68 284 95
68 128 33
69 194 29
69 164 97
69 102 41
69 263 71
69 174 85
69 207 29
69 281 93
69 243 68
69 191 97
69 279 26
69 89 59
69 284 40
69 182 54
70 211 42
70 245 55
70 183 69
70 297 63
70 266 60
70 235 38
70 272 41
71 209 23
71 215 8
71 227 6
71 260 80
71 159 35
71 231 30
71 228 79
71 223 89
71 262 67
72 97 23
72 264 78
72 244 95
72 181 7
72 198 90
72 250 69
72 220 7
72 205 44
72 94 54
72 190 99
73 97 86
73 101 84
73 198 13
73 110 76
73 179 75
73 176 54
73 81 32
73 275 11
73 244 44
73 170 65
73 249 49
73 192 32
74 145 79
74 95 95
75 124 96
75 141 21
75 103 51
75 120 36
75 201 50
75 300 59
75 237 88
75 128 39
76 204 61
76 134 57
76 295 59
76 152 70
76 219 60
76 93 88
76 286 85
76 166 62
77 179 83
77 192 78
77 170 37
77 299 72
77 176 6
77 173 19
77 275 53
77 240 77
78 227 50
78 293 17
78 247 74
78 138 70
78 221 34
78 127 40
79 193 31
79 230 91
79 167 65
79 168 29
79 265 32
79 109 14
79 296 27
79 205 10
79 175 28
79 222 75
79 126 23
79 253 35
79 190 100
79 256 52
80 98 46
80 87 31
80 200 30
80 187 22
80 224 87
81 97 13
81 101 52
81 198 77
81 170 53
81 275 84
81 110 78
81 179 8
81 244 10
81 249 95
81 176 12
81 192 7
82 241 84
82 226 84
82 260 49
82 210 40
82 185 13
82 88 35
82 206 95
83 89 46
83 263 14
83 281 44
83 279 1
83 168 52
83 121 48
83 142 36
83 191 42
83 182 37
84 225 31
84 98 14
84 229 67
84 267 44
84 115 60
84 207 88
84 169 96
84 271 4
84 118 57
84 151 54
84 154 23
84 188 72
85 98 65
85 103 2
85 201 87
85 267 2
85 300 4
85 115 98
85 151 82
85 120 31
85 218 75
85 283 20
85 188 79
85 128 42
86 259 100
86 294 42
86 282 83
86 139 9
86 217 42
86 155 74
87 161 10
87 98 42
87 200 95
87 169 7
87 234 33
87 267 93
87 147 11
87 150 80
87 154 52
87 125 100
87 224 86
88 158 10
88 210 84
88 260 3
88 185 85
88 136 34
88 221 64
88 206 38
89 194 9
89 263 94
89 191 76
89 142 42
89 174 39
89 182 36
89 279 73
89 281 79
89 284 31
90 133 84
90 195 98
90 229 5
91 131 93
91 196 28
91 277 93
91 106 2
91 123 83
91 222 82
91 251 97
91 190 61
92 289 68
92 132 21
92 165 72
92 104 16
92 138 54
92 209 69
92 146 38
92 287 51
92 285 23
92 157 78
93 295 82
93 166 29
93 199 13
93 152 13
93 219 31
93 204 83
93 155 89
93 134 49
94 116 46
94 181 100
94 148 87
94 220 14
94 264 8
94 105 61
94 250 91
95 276 55
95 184 79
95 145 31
95 252 88
95 160 72
96 114 45
96 294 27
96 282 71
96 299 3
96 140 74
96 258 86
96 273 76
97 101 1
97 198 33
97 264 41
97 110 44
97 275 99
97 244 16
97 277 81
97 250 68
97 123 22
98 169 20
98 267 93
98 151 10
98 154 84
98 218 100
98 188 30
98 224 19
99 163 73
99 165 36
99 119 56
99 248 25
99 233 78
99 111 57
100 193 80
100 162 20
100 291 93
100 292 20
100 230 52
100 296 97
100 265 15
100 109 27
100 175 56
100 177 24
100 126 46
100 255 32
101 275 83
101 198 64
101 110 80
101 176 7
101 179 16
101 244 19
101 249 54
101 192 33
102 225 47
102 194 39
102 271 43
102 174 85
102 207 19
102 115 57
102 164 84
102 118 83
102 120 38
102 284 58
102 124 30
103 226 63
103 201 41
103 300 93
103 237 42
103 115 40
103 120 78
103 283 55
103 124 9
103 128 73
104 209 59
104 146 38
104 165 52
104 287 7
104 157 66
104 163 15
105 148 12
105 181 91
105 264 67
105 250 79
105 220 96
105 269 20
106 131 49
106 196 63
106 277 36
106 123 73
106 251 65
107 242 69
107 132 57
107 293 81
107 247 70
107 127 42
107 208 13
108 273 81
108 251 77
108 240 75
108 173 43
108 211 59
108 192 94
109 193 26
109 162 73
109 291 29
109 230 80
109 296 66
109 265 41
109 168 52
109 177 40
109 292 23
109 175 77
109 121 11
109 126 91
109 255 35
110 198 94
110 264 9
110 269 10
110 179 1
110 244 92
110 249 19
110 250 37
111 113 46
111 248 98
111 233 36
111 172 10
112 257 68
112 258 37
112 140 14
112 294 68
112 217 20
112 282 91
112 189 89
112 273 60
113 197 63
113 180 95
113 202 35
113 172 75
113 144 68
113 160 33
114 258 27
114 282 69
114 299 4
114 240 65
114 273 36
115 225 10
115 188 22
115 201 1
115 267 51
115 300 1
115 207 58
115 118 24
115 151 75
115 120 66
115 218 94
115 124 56
115 128 61
116 250 48
116 220 49
116 205 34
116 256 99
117 210 28
117 298 81
117 226 57
117 300 29
117 237 40
117 270 57
118 225 53
118 267 36
118 207 1
118 201 8
118 271 86
118 120 73
119 165 52
119 231 99
119 233 19
119 172 97
119 163 70
119 146 18
119 261 4
120 237 70
120 300 96
120 207 75
120 201 6
120 124 4
120 128 28
121 177 40
121 193 93
121 292 64
121 175 79
121 279 90
121 168 3
121 281 41
121 191 94
122 187 85
122 208 47
123 190 4
123 131 38
123 277 95
123 251 71
124 194 38
124 201 9
124 300 31
124 237 74
124 207 30
124 128 42
125 161 68
125 147 41
125 212 77
125 150 59
125 234 67
125 224 95
126 193 51
126 162 85
126 230 57
126 167 1
126 296 27
126 265 93
126 253 10
126 255 20
126 256 73
127 227 79
127 132 11
127 293 26
127 138 21
127 285 7
128 201 75
128 300 17
128 237 78
128 218 5
128 283 68
129 203 6
130 232 85
130 280 77
130 143 51
130 241 88
130 178 95
130 213 54
130 239 86
130 216 28
130 254 58
131 196 96
131 277 79
131 251 6
131 222 17
132 293 93
132 138 7
132 285 18
132 157 4
133 147 97
133 229 46
133 203 36
134 166 50
134 295 74
134 152 62
134 219 25
134 204 60
134 286 27
135 149 65
135 199 98
136 210 63
136 185 11
136 283 2
136 158 81
137 195 29
137 156 90
137 236 29
137 238 25
137 243 100
137 164 57
137 153 80
137 268 91
137 284 80
138 209 74
138 146 48
138 227 46
138 285 39
139 259 86
140 273 97
140 258 41
140 211 24
140 257 74
141 297 1
141 298 82
141 237 50
141 142 4
141 270 70
141 183 94
141 186 100
141 272 17
142 272 65
142 182 63
142 263 48
142 186 78
142 297 24
142 183 90
143 257 58
143 241 96
143 213 83
143 278 10
143 235 91
143 280 53
144 215 82
144 228 78
144 197 81
144 231 93
144 202 8
144 172 24
144 178 73
144 159 72
144 216 6
144 180 71
144 223 37
145 276 30
145 184 90
145 252 37
145 160 27
146 209 29
146 165 52
146 163 88
147 161 64
147 212 86
147 229 52
147 234 64
147 203 49
148 181 63
148 264 68
148 250 70
148 220 20
148 269 11
149 254 27
149 213 65
149 278 28
149 189 84
149 232 30
150 200 70
150 224 80
151 154 19
151 169 41
151 218 59
151 267 79
151 188 38
151 283 4
152 295 85
152 171 82
152 219 66
152 286 39
153 243 52
153 164 55
153 156 41
153 195 54
153 284 74
153 238 28
153 271 28
154 229 72
154 218 68
154 169 61
154 234 31
154 267 48
154 188 21
155 217 56
155 259 23
155 199 92
155 219 43
155 294 10
156 195 58
156 238 4
156 271 3
157 289 83
157 285 39
157 287 70
158 210 61
158 185 76
158 283 33
159 228 65
159 197 27
159 231 21
159 202 19
159 172 69
159 215 38
159 216 24
159 261 92
159 223 83
159 262 15
160 180 14
160 276 83
160 202 49
160 252 8
160 184 22
161 212 24
161 234 38
161 203 22
162 193 43
162 291 29
162 230 88
162 296 47
162 265 13
162 255 91
162 256 88
163 261 3
163 233 63
163 165 63
164 194 22
164 238 69
164 271 21
164 174 77
164 281 75
164 243 59
164 279 11
164 284 82
165 261 91
165 233 91
165 209 58
166 204 60
166 295 16
166 290 65
166 246 39
167 193 24
167 190 22
167 256 26
167 230 98
167 265 88
167 253 14
167 205 7
167 222 10
168 193 87
168 292 7
168 265 12
168 177 33
168 175 46
168 253 70
168 222 76
168 191 24
169 234 76
169 267 87
169 188 80
169 224 68
170 179 42
170 249 99
170 176 15
171 295 46
171 286 52
172 197 87
172 231 86
172 233 68
172 202 67
172 215 85
172 261 42
173 275 44
173 192 23
173 240 57
174 225 33
174 194 67
174 207 96
174 281 72
174 243 48
174 191 6
174 279 58
174 284 37
175 193 69
175 292 3
175 230 36
175 265 63
175 177 67
175 191 43
176 275 66
176 249 35
176 179 56
177 291 60
177 268 68
177 243 93
177 292 83
177 279 92
177 236 22
177 281 28
177 191 74
178 197 64
178 216 15
178 239 15
178 241 52
178 180 43
178 280 15
178 232 70
178 254 46
179 198 60
179 275 56
179 249 27
180 197 18
180 232 79
180 202 45
180 239 90
180 216 86
180 254 35
181 264 100
181 244 54
181 250 48
181 220 32
181 269 68
182 194 29
182 263 68
182 281 17
182 186 73
182 279 58
182 191 85
183 297 97
183 298 2
183 272 58
183 270 27
183 266 72
183 186 10
184 276 33
184 252 44
185 260 80
185 210 90
185 221 41
185 206 56
186 196 80
186 263 9
186 297 14
186 266 41
186 272 58
186 298 70
187 274 98
187 200 19
188 201 59
188 267 7
188 218 88
188 283 94
189 257 14
189 278 4
190 277 11
190 205 7
190 256 31
190 253 7
190 222 85
191 194 21
191 263 58
191 281 33
191 279 94
192 275 52
192 240 97
193 291 43
193 230 67
193 265 71
193 296 22
193 292 30
193 253 23
193 255 16
193 256 28
194 263 24
194 207 79
194 281 79
194 279 88
194 284 72
195 238 59
195 271 65
196 266 9
196 251 58
196 272 51
197 228 82
197 231 31
197 202 58
197 239 62
197 223 32
197 215 64
197 216 3
198 264 32
198 269 63
198 244 42
198 250 86
200 224 94
201 237 97
201 300 82
201 207 100
201 218 7
201 283 84
202 231 86
202 215 41
203 212 58
203 229 25
203 234 40
204 246 20
205 230 11
205 265 74
205 250 23
205 253 62
205 256 28
206 241 85
206 260 84
206 221 83
207 225 22
207 271 61
207 284 62
208 274 97
208 293 94
208 247 40
208 242 25
208 288 16
209 261 37
209 262 72
209 223 90
210 226 3
210 283 60
211 273 41
211 245 75
211 266 13
212 234 85
213 241 61
213 278 14
213 280 8
213 257 76
213 232 84
213 254 55
214 289 94
214 287 82
215 228 22
215 231 12
215 223 38
215 216 82
215 261 16
216 228 65
216 232 62
216 239 3
216 280 97
216 254 91
216 223 60
217 259 10
217 294 2
217 282 60
218 267 46
218 283 18
219 295 32
219 286 48
220 264 34
220 269 37
220 250 10
221 227 27
221 260 27
222 253 54
223 228 69
223 262 14
223 231 99
223 261 17
224 234 20
225 271 46
225 284 2
226 300 82
226 237 91
226 270 28
227 260 10
227 262 22
228 261 12
228 262 97
228 231 72
230 296 49
230 265 11
230 292 95
230 253 46
230 256 7
231 261 48
232 280 51
232 239 84
232 254 66
233 248 62
233 261 89
235 270 45
236 291 78
236 268 67
236 243 86
237 300 92
238 243 8
239 280 52
239 254 94
240 275 44
240 299 6
241 280 31
242 274 84
242 293 6
242 247 59
242 288 83
243 268 39
243 279 55
243 281 48
243 284 69
244 264 36
244 269 67
244 250 17
245 266 88
247 274 24
247 293 29
247 288 36
250 264 12
250 269 36
251 277 83
252 276 28
253 265 34
253 256 48
254 280 47
255 291 85
255 296 48
255 292 45
256 265 38
257 258 45
257 278 93
258 273 66
258 282 67
259 282 42
259 294 52
260 262 71
263 279 44
263 281 26
264 269 18
265 292 63
265 296 40
266 297 74
266 298 100
266 270 77
266 272 2
270 297 99
270 272 87
270 298 95
271 284 89
272 297 44
272 298 11
274 288 92
279 281 82
279 284 85
281 284 99
282 294 13
282 299 96
283 300 24
285 293 65
286 295 3
287 289 91
291 292 17
291 296 95
292 296 59
297 298 32
10
1
1
1 2
1 2 3
1 2 3 4 5
1 2 3 4 5 6 7 8 9 10
1 2 3 4 5 6 7 8 9 10 11 12 13 14 15 16 17 18 19
1 2 3 4 5 6 7 8 9 10 11 12 13 14 15 16 17 18 19 20 21 22 23 24 25 26 27 28 29 30 31 32 33 34 35 36 37 38
1 2 3 4 5 6 7 8 9 10 11 12 13 14 15 16 17 18 19 20 21 22 23 24 25 26 27 28 29 30 31 32 33 34 35 36 37 38 39 40 41 42 43 44 45 46 47 48 49 50 51 52 53 54 55 56 57 58 59 60 61 62 63 64 65 66 67 68 69 70 71 72 73 74 75
1 2 3 4 5 6 7 8 9 10 11 12 13 14 15 16 17 18 19 20 21 22 23 24 25 26 27 28 29 30 31 32 33 34 35 36 37 38 39 40 41 42 43 44 45 46 47 48 49 50 51 52 53 54 55 56 57 58 59 60 61 62 63 64 65 66 67 68 69 70 71 72 73 74 75 76 77 78 79 80 81 82 83 84 85 86 87 88 89 90 91 92 93 94 95 96 97 98 99 100 101 102 103 104 105 106 107 108 109 110 111 112 113 114 115 116 117 118 119 120 121 122 123 124 125 126 127 128 129 130 131 132 133 134 135 136 137 138 139 140 141 142 143 144 145 146 147 148 149 150
