1610
1 273 17
1 163 66
1 134 5
1 130 46
1 41 15
1 298 6
1 159 74
1 241 52
1 83 66
1 21 50
1 22 77
1 215 5
1 184 60
1 91 95
1 157 6
1 287 76
1 38 68
2 274 43
2 211 81
2 43 100
2 181 80
2 107 15
2 266 23
2 155 1
2 272 5
2 93 95
2 190 38
2 128 38
3 280 100
3 34 39
3 227 8
3 86 68
3 54 76
3 290 39
3 28 56
3 30 12
3 254 51
3 255 48
3 94 16
4 141 65
4 148 96
4 127 94
4 212 10
4 120 93
4 137 65
4 260 93
4 23 58
4 205 40
4 223 56
4 80 67
5 226 89
5 131 100
5 69 39
5 167 16
5 199 32
5 213 8
5 267 18
5 45 40
5 95 95
5 112 29
6 20 100
6 165 7
6 262 82
6 185 8
6 42 40
6 300 87
6 222 47
6 143 89
6 142 51
7 137 61
7 36 90
7 244 6
7 57 83
7 61 57
7 284 89
7 221 62
7 110 84
7 169 79
8 258 85
8 67 27
8 68 62
8 293 94
8 246 86
8 200 77
8 85 100
8 235 68
8 29 63
8 195 55
8 192 22
9 236 78
9 282 96
9 265 23
9 285 50
9 171 16
9 44 96
9 13 77
9 203 59
9 224 30
10 275 31
10 164 84
10 181 100
10 102 33
10 231 10
10 56 26
10 266 74
10 219 100
10 299 43
10 128 12
11 195 25
11 204 68
11 293 87
11 294 7
11 231 62
11 168 96
11 105 17
11 235 42
11 76 51
11 238 8
11 84 7
11 53 70
11 123 5
11 299 3
11 224 47
12 44 87
12 249 74
12 84 40
12 146 87
12 201 98
12 45 14
12 171 7
12 236 3
12 285 56
12 123 11
12 112 80
13 67 58
13 103 28
13 296 54
13 265 50
13 282 36
13 171 81
13 236 48
13 125 55
13 203 88
14 204 86
14 37 8
14 231 72
14 135 26
14 274 33
14 105 15
14 266 85
14 299 96
14 140 15
14 50 25
14 275 91
14 155 18
14 294 11
15 177 76
15 163 96
15 133 9
15 296 81
15 265 19
15 189 78
15 203 93
15 232 36
15 256 26
15 174 30
15 176 94
15 273 14
15 18 39
15 184 13
15 124 85
15 125 77
15 159 80
15 32 82
16 161 19
16 291 28
16 100 18
16 73 7
16 260 81
16 300 49
16 173 96
16 127 86
17 293 46
17 237 98
17 258 51
17 29 68
17 136 74
18 232 8
18 180 93
18 133 17
18 296 32
18 32 51
18 122 46
18 28 50
18 189 51
18 254 59
18 256 53
19 292 41
19 197 71
19 70 98
19 263 79
19 40 6
19 286 94
19 82 36
19 149 46
19 247 95
19 154 8
19 117 26
19 160 74
19 126 95
19 183 32
20 209 49
20 165 1
20 119 61
20 42 74
20 222 49
20 143 67
20 142 17
21 130 52
21 228 49
21 198 21
21 66 7
21 298 13
21 162 61
21 241 99
21 83 94
21 22 61
21 215 40
21 152 39
21 91 28
21 134 25
22 162 38
22 228 24
22 198 60
22 66 92
22 41 35
22 298 38
22 139 21
22 83 7
22 152 53
22 91 37
22 31 5
22 134 96
23 212 48
23 169 57
23 260 17
23 120 64
23 141 64
23 80 95
23 137 62
23 148 58
23 205 73
23 248 43
23 240 82
23 223 48
24 27 16
24 79 9
24 279 43
24 88 60
25 277 66
25 216 60
26 65 98
26 149 34
26 117 41
26 70 9
26 154 63
26 218 7
26 59 76
26 248 8
26 240 36
27 89 24
27 115 45
27 55 41
27 297 89
27 59 97
27 88 86
27 79 70
28 34 11
28 35 45
28 101 70
28 296 97
28 30 81
28 227 53
28 94 53
28 147 67
28 245 33
28 118 24
28 280 93
28 290 91
28 220 13
28 189 50
28 254 84
28 86 90
28 54 66
29 258 83
29 68 38
29 293 95
29 53 89
29 235 8
29 200 71
29 237 39
29 192 52
30 290 45
30 35 6
30 101 78
30 34 55
30 103 68
30 296 91
30 227 5
30 147 79
30 245 44
30 118 24
30 280 24
30 220 65
30 189 1
30 254 73
30 54 21
31 66 15
31 228 25
31 198 99
31 166 4
31 194 71
31 162 77
31 139 44
31 278 20
31 152 57
31 186 54
31 91 27
32 163 65
32 133 24
32 232 38
32 41 88
32 273 38
32 159 50
32 184 81
32 122 89
32 124 49
32 157 63
32 287 36
32 256 98
33 194 62
33 261 35
33 166 30
33 186 46
33 210 60
34 290 70
34 227 86
34 101 49
34 35 39
34 147 17
34 85 9
34 54 89
34 280 8
34 118 75
34 245 91
34 220 73
34 253 19
34 255 58
34 246 97
35 290 46
35 227 26
35 220 43
35 101 26
35 103 39
35 296 32
35 147 5
35 245 25
35 54 78
35 280 35
35 189 66
35 254 73
35 118 29
36 169 93
36 148 37
36 205 61
36 137 29
36 250 19
36 221 61
36 110 8
36 61 1
37 50 83
37 275 53
37 204 26
37 229 31
37 294 72
37 135 86
37 105 66
37 299 87
37 140 95
37 155 7
38 273 86
38 163 79
38 134 7
38 131 71
38 232 23
38 130 5
38 177 50
38 174 70
38 176 26
38 241 63
38 83 12
38 287 8
38 215 27
38 184 62
38 124 55
38 157 91
38 159 55
38 256 7
39 145 10
39 283 52
39 52 29
39 119 10
40 291 56
40 292 26
40 197 37
40 70 52
40 263 17
40 240 83
40 243 8
40 144 82
40 260 89
40 149 75
40 183 7
40 160 51
40 212 87
40 288 68
41 163 9
41 232 45
41 298 83
41 273 92
41 83 100
41 287 38
41 184 94
41 157 50
41 159 93
42 209 98
42 193 57
42 165 91
42 132 31
42 75 34
42 222 82
42 143 45
42 142 15
43 97 98
43 196 80
43 72 91
43 107 57
43 270 2
43 111 99
43 272 44
43 211 69
43 93 11
43 190 36
43 128 28
44 195 29
44 236 35
44 168 14
44 146 4
44 171 4
44 238 1
44 201 5
44 84 34
44 123 18
44 285 76
44 224 7
45 226 36
45 167 73
45 71 48
45 249 85
45 213 88
45 267 9
45 95 62
45 112 35
46 289 62
46 281 43
46 225 28
46 87 50
46 217 26
46 187 68
46 108 11
46 158 11
46 47 46
47 225 41
47 289 13
47 87 7
47 217 96
47 187 70
47 108 79
47 158 13
48 242 71
48 116 35
48 181 38
48 164 9
48 117 6
48 234 55
48 219 7
48 92 9
48 60 3
48 286 6
48 126 40
49 129 57
49 259 71
49 64 100
49 138 13
49 109 20
49 239 84
49 144 85
49 113 5
49 182 78
49 106 20
49 90 39
49 156 83
49 160 49
49 288 15
50 140 35
50 294 41
50 135 8
50 105 51
50 299 43
50 204 11
50 269 21
50 274 38
50 275 100
50 155 89
51 129 97
51 161 94
51 156 43
51 132 99
51 182 17
51 73 86
51 75 83
51 300 24
51 109 1
51 193 89
51 288 43
52 225 42
52 145 94
52 119 42
52 281 73
52 283 18
52 77 77
53 195 68
53 84 80
53 293 3
53 294 96
53 231 79
53 76 44
53 204 97
53 235 9
53 238 30
54 220 42
54 101 54
54 290 79
54 227 62
54 147 19
54 245 31
54 118 40
54 280 3
54 253 71
54 255 81
54 246 94
55 89 16
55 297 2
55 115 25
55 59 29
56 164 23
56 181 46
56 102 62
56 231 42
56 264 15
56 219 38
56 168 24
56 299 55
57 153 15
57 244 58
57 120 60
57 169 59
57 221 55
57 284 92
57 61 78
58 295 1
58 279 1
59 297 39
59 115 26
60 65 93
60 242 2
60 116 72
60 181 31
60 164 59
60 234 45
60 117 50
60 92 69
61 244 20
61 153 34
61 169 24
61 284 1
61 221 88
62 99 13
62 172 23
62 69 19
62 63 1
62 271 41
63 209 95
63 193 38
63 259 48
63 132 5
63 106 99
63 172 45
63 271 38
63 64 32
64 129 9
64 259 2
64 132 90
64 106 45
64 172 17
64 109 9
64 239 95
64 209 25
64 271 62
64 182 79
64 138 86
64 90 26
64 156 89
64 193 20
65 117 3
65 149 28
65 70 54
65 242 80
65 218 80
65 126 83
65 154 91
65 286 30
66 162 47
66 228 30
66 198 29
66 298 54
66 139 51
66 83 71
66 278 88
66 152 59
66 186 37
66 91 48
67 296 28
67 195 9
67 68 42
67 103 21
67 282 31
67 220 15
67 147 20
67 192 78
68 85 91
68 246 9
68 200 21
68 220 84
68 147 84
68 192 65
69 226 29
69 131 93
69 199 99
69 167 66
69 213 24
69 267 22
69 271 55
69 95 10
70 292 18
70 248 53
70 240 73
70 149 53
70 183 6
70 120 40
70 154 51
70 218 34
70 126 42
71 113 91
71 213 97
71 95 41
71 167 29
71 90 59
71 249 12
71 106 2
71 112 1
71 239 31
71 96 100
72 97 53
72 211 81
72 196 97
72 295 80
72 93 17
72 270 45
72 111 98
72 272 10
73 161 65
73 100 17
73 182 50
73 75 78
73 300 52
73 109 76
74 276 80
74 150 35
74 151 55
74 185 2
74 202 38
74 175 21
75 209 67
75 193 86
75 132 88
75 165 68
75 182 98
75 300 54
75 109 52
76 195 61
76 293 88
76 294 82
76 231 65
76 168 57
76 105 62
76 235 4
76 204 3
76 238 41
76 84 70
76 299 9
77 202 94
77 283 31
77 222 96
77 119 13
78 81 79
78 130 91
78 99 98
78 215 31
79 89 22
79 279 2
79 88 13
80 260 84
80 148 16
80 169 49
80 205 11
80 120 24
80 141 86
80 240 14
80 137 98
80 212 89
80 127 56
80 248 32
80 221 30
80 223 12
81 99 34
81 215 53
82 183 39
82 264 55
82 234 86
82 160 55
82 208 61
82 126 81
82 242 83
82 247 34
82 252 36
82 286 86
82 96 22
83 130 50
83 228 84
83 198 82
83 298 22
83 139 24
83 241 52
83 152 23
83 91 31
83 157 9
83 287 69
83 134 48
84 195 21
84 102 65
84 231 89
84 168 8
84 201 89
84 238 100
84 146 56
84 123 11
84 285 33
84 224 92
85 200 16
85 237 26
85 246 72
85 147 49
85 214 12
85 220 38
85 253 84
85 258 58
85 192 33
86 180 61
86 280 20
86 122 22
86 254 13
86 94 7
87 225 18
87 178 99
87 217 81
87 187 31
87 108 17
87 289 30
87 158 72
88 89 83
89 297 75
90 129 22
90 113 19
90 138 59
90 109 33
90 144 41
90 239 37
90 106 32
90 156 42
90 182 25
90 160 54
90 96 53
91 228 67
91 198 74
91 130 84
91 298 14
91 139 72
91 162 81
91 241 83
91 152 97
91 134 92
92 116 50
92 164 45
92 190 11
93 97 31
93 196 58
93 266 62
93 270 88
93 111 50
93 272 22
93 211 3
93 116 44
93 107 44
93 190 97
93 128 53
94 290 90
94 180 93
94 280 66
94 254 26
95 226 55
95 199 56
95 267 32
95 172 63
95 271 62
95 112 2
95 213 39
95 167 50
96 263 61
96 197 79
96 183 49
96 138 13
96 239 17
96 208 43
96 113 46
96 247 84
96 249 14
96 252 88
96 160 99
97 196 67
97 279 63
97 295 34
97 270 10
97 111 20
97 272 79
98 257 12
98 276 58
98 150 6
98 151 7
98 216 17
98 121 93
98 188 23
98 206 1
98 175 51
100 161 66
100 300 3
100 173 82
101 227 15
101 220 65
101 103 61
101 296 79
101 290 67
101 147 75
101 245 38
101 280 28
101 189 8
101 118 22
102 146 2
102 181 6
102 231 81
102 168 76
102 219 100
102 264 33
102 299 78
103 296 37
103 265 73
103 203 46
103 147 83
103 245 56
103 118 76
103 282 25
103 220 84
103 189 63
104 233 67
104 268 66
104 253 33
104 214 73
104 191 46
105 294 47
105 231 49
105 140 28
105 275 50
105 204 32
105 299 84
105 135 65
106 129 88
106 113 76
106 259 7
106 138 11
106 172 87
106 193 31
106 271 68
106 239 10
106 182 66
106 156 13
107 211 98
107 274 90
107 266 93
107 155 87
107 269 5
107 128 89
108 225 56
108 289 85
108 217 96
108 187 66
108 158 44
109 129 70
109 291 21
109 263 2
109 138 32
109 144 22
109 239 87
109 243 40
109 182 38
109 156 80
109 288 49
110 221 90
110 230 78
110 137 13
110 250 64
110 205 66
110 223 100
111 116 65
111 196 20
111 279 26
111 272 9
111 270 89
111 190 95
112 226 45
112 236 53
112 167 93
112 171 87
112 213 80
112 249 42
112 285 30
112 267 62
113 129 99
113 156 100
113 197 3
113 263 42
113 239 57
113 144 68
113 243 51
113 247 46
113 138 21
113 160 20
114 289 22
114 178 49
114 210 54
114 217 97
114 170 2
114 187 63
115 153 94
115 297 68
116 164 78
116 190 95
117 286 55
117 234 1
117 242 15
117 149 6
117 154 61
117 218 36
117 126 48
118 290 18
118 227 45
118 220 79
118 296 13
118 254 44
118 147 20
118 245 38
118 280 16
118 189 28
119 145 43
119 283 24
119 222 82
120 148 25
120 244 44
120 169 13
120 205 33
120 141 90
120 212 47
120 248 13
120 240 53
120 221 83
121 257 68
121 276 54
121 151 19
121 206 33
121 175 21
122 180 38
122 232 91
122 254 12
123 195 10
123 168 52
123 201 9
123 238 77
123 146 38
123 236 6
123 285 57
123 171 32
123 224 50
124 177 17
124 163 67
124 133 55
124 131 98
124 232 19
124 125 80
124 174 46
124 176 78
124 273 14
124 159 25
124 184 77
124 256 92
124 157 41
124 287 20
125 133 45
125 296 4
125 265 12
125 203 41
125 174 15
125 176 77
125 177 17
125 282 48
125 189 71
125 256 82
126 234 79
126 242 24
126 149 87
126 183 80
126 154 49
126 218 88
126 286 58
127 161 81
127 291 62
127 148 95
127 212 80
127 173 51
127 141 91
127 243 13
127 260 50
127 223 1
127 288 4
128 274 22
128 181 15
128 155 76
128 266 10
128 190 79
129 291 88
129 156 64
129 197 79
129 263 47
129 243 7
129 239 53
129 144 81
129 182 61
129 138 5
129 288 50
129 160 82
130 241 100
130 198 11
130 215 43
130 298 10
130 134 1
131 177 100
131 226 61
131 167 2
131 267 59
131 199 64
131 174 48
131 176 36
132 209 61
132 193 16
132 259 36
132 165 78
132 172 72
133 163 25
133 232 100
133 157 21
133 256 83
133 176 95
133 273 47
133 189 30
133 159 72
133 184 59
133 287 66
134 298 84
134 273 79
134 241 78
134 215 72
134 157 56
134 198 4
135 275 85
135 140 55
135 294 97
135 136 23
135 229 4
135 204 10
136 204 77
136 229 100
136 294 66
136 293 43
136 140 75
137 148 4
137 169 6
137 205 40
137 141 5
137 250 90
137 221 90
137 223 46
137 212 44
138 259 45
138 156 24
138 239 89
138 144 19
138 182 91
138 160 40
138 288 92
139 162 37
139 228 36
139 152 65
139 298 36
140 275 54
140 294 3
140 229 72
140 204 17
141 291 65
141 260 60
141 212 12
141 205 50
141 148 72
141 248 81
141 223 75
142 165 95
142 262 91
142 185 92
142 300 37
142 222 16
142 143 72
143 165 74
143 262 44
143 185 73
143 300 74
143 222 23
144 291 63
144 292 80
144 197 37
144 183 17
144 263 97
144 243 9
144 182 97
144 247 88
144 156 50
144 160 1
144 288 62
145 283 33
146 264 30
146 201 1
146 168 33
146 285 44
146 238 9
146 224 100
147 220 45
147 296 8
147 227 55
147 246 62
147 245 79
147 189 33
147 192 87
148 212 14
148 260 4
148 248 8
148 205 88
148 223 16
148 240 84
149 292 5
149 197 25
149 242 94
149 183 92
149 154 85
149 218 50
149 286 56
150 257 11
150 276 33
150 262 58
150 151 19
150 185 98
150 188 29
150 175 53
151 257 80
151 276 48
151 185 33
151 188 81
151 175 5
152 162 57
152 228 57
152 198 18
152 298 71
152 278 28
152 186 78
153 244 3
153 169 72
153 284 58
154 218 2
154 240 98
155 275 56
155 274 29
155 211 95
155 266 52
155 269 6
156 291 11
156 263 88
156 243 58
156 239 94
156 182 91
156 288 45
156 160 26
157 273 68
157 163 80
157 232 45
157 241 17
157 174 18
157 176 15
157 177 49
157 159 70
157 184 98
157 287 31
157 256 35
158 289 60
158 225 73
158 217 96
158 187 53
159 273 56
159 163 3
159 232 47
159 174 16
159 176 73
159 177 20
159 184 19
159 287 1
159 256 65
160 292 18
160 197 94
160 183 72
160 263 98
160 243 34
160 239 100
160 247 52
160 288 55
161 291 69
161 260 18
161 173 24
161 288 99
162 228 99
162 198 50
162 166 42
162 298 18
162 278 48
162 186 69
163 273 77
163 232 6
163 256 2
163 174 98
163 176 22
163 177 78
163 287 84
163 184 19
164 242 20
164 181 72
164 234 60
164 219 31
165 209 40
165 300 24
165 222 90
166 194 68
166 186 12
166 278 31
166 178 27
166 210 49
167 226 68
167 199 12
167 267 66
167 213 94
167 249 65
168 231 5
168 201 80
168 238 52
168 285 75
168 224 78
169 205 32
169 244 47
169 248 9
169 284 51
169 240 25
169 221 87
170 289 36
170 210 32
170 261 36
170 217 43
171 201 52
171 236 30
171 249 92
171 282 52
171 285 59
171 224 23
172 193 15
172 259 15
172 267 8
172 271 45
172 209 29
172 213 37
173 230 100
173 179 37
173 223 51
174 273 27
174 199 85
174 265 82
174 176 18
174 177 66
174 256 74
175 276 37
175 185 45
176 177 99
176 199 9
176 265 68
176 273 54
176 256 10
177 199 64
177 265 63
177 273 37
177 256 75
178 289 98
178 217 66
179 230 52
179 250 85
179 251 49
179 188 35
179 207 31
180 254 15
181 234 2
181 266 65
181 219 67
182 291 56
182 239 80
182 288 1
182 243 10
183 292 58
183 197 73
183 263 36
183 243 89
183 247 13
183 286 13
184 232 99
184 273 42
184 287 39
184 256 17
185 276 63
185 262 26
185 202 45
185 222 98
186 278 26
186 194 37
187 225 58
187 217 63
187 289 7
188 257 14
188 276 20
188 251 92
188 206 22
189 296 76
189 265 14
189 203 19
190 272 1
191 233 39
191 268 17
191 255 79
192 258 5
192 200 64
192 237 1
192 214 20
192 220 22
192 253 25
192 246 33
193 209 49
193 259 99
194 210 48
194 278 62
195 235 46
195 224 43
195 238 79
196 211 2
196 270 81
196 272 90
197 291 20
197 292 37
197 247 28
197 263 68
197 243 29
197 288 52
198 228 24
198 298 17
198 241 6
198 215 11
198 278 50
199 226 12
199 213 18
199 267 31
200 237 96
200 258 96
200 214 51
200 293 40
200 235 57
200 246 99
201 249 76
201 252 2
201 285 91
201 208 63
202 222 40
203 265 77
203 296 82
203 282 3
204 231 47
204 229 2
204 294 95
204 235 1
204 275 64
204 299 41
205 212 95
205 248 13
205 260 21
205 240 95
205 221 11
205 223 43
206 257 10
206 216 97
206 251 87
208 247 9
208 264 90
208 234 20
208 219 98
208 252 89
208 286 69
209 259 52
210 261 27
211 274 4
211 269 59
211 272 47
212 291 76
212 248 22
212 260 99
212 223 23
212 240 49
213 226 95
213 267 35
213 271 46
213 249 76
214 258 34
214 246 5
214 233 62
214 237 10
214 253 83
215 241 17
216 257 99
216 251 27
217 289 68
219 264 73
219 242 65
219 234 34
219 252 94
220 227 32
220 296 79
220 246 72
220 245 51
220 253 100
221 244 89
221 284 94
223 230 21
223 260 37
223 250 69
224 236 88
224 238 4
224 285 40
225 289 51
225 283 8
225 281 60
226 267 24
226 236 86
226 249 39
227 290 66
227 254 16
227 245 12
227 280 56
227 253 66
228 298 32
229 294 38
230 250 63
231 294 21
231 238 67
231 275 97
231 299 96
232 273 56
232 256 68
232 287 70
233 253 50
234 252 39
234 264 67
234 242 54
234 286 43
235 293 6
235 294 29
235 238 75
236 282 75
236 285 96
237 258 32
237 246 76
240 260 63
240 292 100
240 244 73
240 248 78
241 298 71
242 286 17
242 264 8
243 291 4
243 292 52
243 263 23
243 260 37
243 288 74
244 284 24
244 248 57
245 290 64
245 296 20
245 280 99
245 253 96
246 253 26
246 258 43
247 252 52
247 263 85
249 285 59
251 257 92
252 264 15
252 286 34
254 290 86
254 280 86
255 290 87
255 280 82
255 268 57
256 273 9
256 287 10
257 276 76
258 293 40
259 271 80
260 291 53
260 292 29
260 288 61
262 276 51
262 300 44
263 291 44
263 292 73
263 288 78
264 286 43
265 296 29
265 282 26
266 274 78
266 275 70
266 299 98
267 271 12
269 274 27
270 295 80
270 272 86
273 287 25
274 275 72
275 294 97
275 299 95
279 295 49
280 290 89
281 283 17
282 296 83
288 291 75
291 292 10
293 294 49
294 299 56
10
1
1
1 2
1 2 3
1 2 3 4 5
1 2 3 4 5 6 7 8 9 10
1 2 3 4 5 6 7 8 9 10 11 12 13 14 15 16 17 18 19
1 2 3 4 5 6 7 8 9 10 11 12 13 14 15 16 17 18 19 20 21 22 23 24 25 26 27 28 29 30 31 32 33 34 35 36 37 38
1 2 3 4 5 6 7 8 9 10 11 12 13 14 15 16 17 18 19 20 21 22 23 24 25 26 27 28 29 30 31 32 33 34 35 36 37 38 39 40 41 42 43 44 45 46 47 48 49 50 51 52 53 54 55 56 57 58 59 60 61 62 63 64 65 66 67 68 69 70 71 72 73 74 75
1 2 3 4 5 6 7 8 9 10 11 12 13 14 15 16 17 18 19 20 21 22 23 24 25 26 27 28 29 30 31 32 33 34 35 36 37 38 39 40 41 42 43 44 45 46 47 48 49 50 51 52 53 54 55 56 57 58 59 60 61 62 63 64 65 66 67 68 69 70 71 72 73 74 75 76 77 78 79 80 81 82 83 84 85 86 87 88 89 90 91 92 93 94 95 96 97 98 99 100 101 102 103 104 105 106 107 108 109 110 111 112 113 114 115 116 117 118 119 120 121 122 123 124 125 126 127 128 129 130 131 132 133 134 135 136 137 138 139 140 141 142 143 144 145 146 147 148 149 150
