2510
1 257 21
1 97 24
1 176 73
1 262 92
1 103 81
1 430 1
1 239 46
1 304 73
1 52 25
1 376 64
1 313 52
1 316 27
1 326 24
2 194 26
2 83 26
2 181 80
2 63 77
2 362 85
2 345 91
2 58 43
2 333 83
2 351 77
3 323 9
3 311 46
3 415 92
3 327 28
3 409 18
3 267 44
3 68 18
3 347 66
3 303 41
4 274 27
4 179 91
4 308 93
4 149 31
4 408 53
4 427 77
4 258 26
4 62 9
5 195 4
5 324 4
5 261 44
5 70 74
5 391 70
5 203 93
5 140 12
5 291 61
5 7 18
5 309 21
5 411 62
5 364 34
5 71 2
5 287 25
6 15 30
6 286 74
6 119 33
6 32 89
7 401 56
7 195 69
7 364 8
7 261 82
7 287 36
7 371 96
7 203 98
7 140 77
7 291 10
7 411 5
8 145 100
8 355 25
8 51 97
8 229 83
8 390 91
8 168 85
8 233 14
8 269 80
8 299 8
8 328 87
8 305 48
8 206 18
8 271 12
8 302 25
8 241 16
8 142 4
8 403 21
8 297 69
8 127 64
8 198 93
9 353 15
9 178 38
9 387 100
9 255 93
9 199 14
9 137 71
9 429 74
9 227 10
9 191 23
10 226 41
10 99 58
10 196 3
10 197 85
10 40 24
10 73 85
10 172 74
10 67 4
10 80 73
10 50 17
10 180 9
10 117 8
10 246 94
10 247 6
10 184 33
10 186 35
10 155 56
10 348 73
10 414 68
10 214 35
11 91 78
11 192 5
11 360 2
12 177 47
12 404 44
12 101 90
12 237 37
12 295 73
12 26 99
12 441 50
12 42 60
12 88 11
12 253 99
12 224 100
13 321 43
13 130 3
13 115 74
13 340 57
13 182 33
13 386 29
13 424 80
13 426 90
13 336 52
13 238 68
13 112 10
14 55 47
14 90 62
14 442 56
14 380 79
14 93 98
14 256 68
14 31 18
14 400 17
15 389 32
15 207 69
15 119 96
15 286 39
15 143 16
15 32 82
16 163 64
16 308 6
16 69 11
16 377 77
16 149 50
16 427 18
16 236 43
16 254 81
16 363 65
17 89 96
17 368 53
17 421 53
17 166 92
17 212 75
17 86 60
17 249 13
17 208 46
17 270 44
17 175 76
17 102 36
18 433 62
18 210 8
18 121 95
18 365 56
18 219 48
18 221 79
19 226 62
19 99 66
19 188 100
19 67 27
19 247 90
19 151 98
19 108 68
19 436 45
19 319 78
19 320 73
20 369 16
20 418 84
20 255 32
20 338 37
20 393 62
20 122 28
20 137 24
20 429 9
20 109 40
20 273 21
20 230 71
21 275 85
21 382 88
21 150 91
21 216 76
21 281 24
21 138 35
21 300 62
21 61 67
21 78 47
21 346 17
21 366 8
22 169 77
22 380 13
22 325 32
22 55 12
23 442 45
23 252 17
23 358 83
23 200 21
23 173 24
23 400 6
23 435 57
23 245 90
23 154 71
23 153 89
23 90 78
23 379 23
23 444 28
23 31 90
24 368 82
24 290 75
24 420 58
24 52 37
24 212 55
24 316 92
24 445 70
24 428 73
24 239 81
24 270 86
25 98 30
25 374 69
25 94 31
25 250 82
25 235 69
25 392 12
25 110 40
25 447 7
25 446 24
26 177 96
26 441 52
26 101 40
26 105 90
26 42 89
26 171 15
26 237 98
26 139 81
26 224 38
27 260 62
27 443 13
27 292 91
27 131 51
28 356 38
28 357 14
28 395 4
28 45 45
28 240 51
28 288 92
28 272 84
28 30 95
28 378 48
28 124 95
28 189 43
28 190 66
28 159 56
28 416 42
29 129 98
29 185 52
29 259 47
29 276 7
29 53 73
29 310 30
29 231 6
29 201 100
29 234 62
29 397 17
29 367 83
30 386 10
30 124 75
30 357 78
30 426 6
30 395 7
30 45 51
30 272 74
30 240 62
30 356 46
30 416 30
30 378 3
30 384 86
30 189 38
30 190 32
30 159 48
30 288 29
31 200 3
31 400 81
31 435 59
31 245 43
31 90 26
31 153 94
31 442 84
31 379 68
31 380 99
31 349 76
32 119 97
32 286 60
33 166 63
33 263 63
33 377 81
33 363 5
33 254 47
33 350 28
34 81 26
34 146 30
34 132 73
34 232 66
34 88 16
34 104 82
34 412 30
35 229 13
35 328 69
35 393 47
35 299 4
35 302 95
35 206 29
35 145 94
35 425 41
35 243 99
35 440 7
35 283 89
35 297 38
36 322 49
36 450 21
36 169 1
36 332 50
36 301 31
36 46 71
36 398 28
36 370 82
36 372 23
36 343 31
36 120 53
36 352 73
37 193 31
37 66 12
37 227 48
37 204 70
37 199 94
37 136 81
37 265 50
37 77 7
37 40 30
37 141 50
37 211 43
37 373 89
37 407 82
37 60 17
38 417 85
38 385 55
38 294 48
38 423 39
38 138 45
38 300 73
38 366 92
38 78 27
38 115 92
38 244 13
38 216 56
38 432 12
38 61 90
38 383 29
39 242 46
39 100 68
39 373 89
39 66 64
39 265 99
39 136 60
39 77 62
40 193 39
40 227 75
40 204 88
40 197 46
40 73 96
40 172 5
40 141 29
40 80 32
40 50 91
40 211 53
40 348 2
40 60 92
41 274 17
41 101 74
41 422 55
41 87 63
41 296 49
41 106 21
41 62 90
41 64 42
42 101 94
42 422 92
42 295 26
42 237 91
42 177 97
42 404 93
42 88 55
42 441 5
42 253 41
42 224 68
43 405 73
43 159 50
43 167 5
43 280 9
43 378 1
43 395 20
43 189 20
43 335 48
43 288 55
44 268 56
44 375 83
44 136 11
44 361 83
44 76 35
44 77 2
44 334 55
44 431 69
44 373 57
44 54 25
44 407 59
44 347 63
44 123 14
45 356 7
45 357 63
45 395 92
45 240 29
45 272 53
45 288 52
45 124 42
45 280 85
45 378 69
45 189 5
45 190 63
45 159 94
45 416 62
46 450 54
46 322 20
46 332 41
46 301 53
46 398 16
46 370 49
46 372 22
46 343 9
46 120 85
46 59 73
46 156 97
46 448 25
47 401 74
47 449 86
47 228 100
47 358 53
47 439 70
47 442 13
47 154 16
47 187 6
47 96 26
47 256 15
48 289 63
48 69 50
48 436 31
48 293 46
48 308 29
48 427 64
48 108 27
48 205 47
49 418 91
49 339 61
49 114 36
49 170 79
49 255 69
49 135 19
49 248 14
49 410 25
49 331 40
49 109 89
49 79 30
50 226 23
50 67 76
50 196 46
50 197 49
50 73 79
50 172 36
50 99 70
50 80 97
50 180 40
50 117 68
50 246 82
50 247 100
50 184 40
50 186 61
50 155 36
50 348 31
50 414 100
50 214 35
51 241 7
51 355 12
51 229 32
51 198 59
51 328 48
51 233 94
51 145 44
51 168 45
51 269 3
51 302 71
51 271 51
51 206 67
51 305 15
51 297 68
51 299 32
51 127 19
51 390 83
52 257 29
52 290 52
52 176 78
52 420 10
52 262 68
52 103 30
52 97 2
52 430 52
52 239 68
52 304 63
52 316 98
52 326 58
53 98 92
53 259 53
53 92 78
53 165 92
53 392 52
53 397 86
53 110 59
53 367 1
53 276 76
53 374 63
53 217 18
53 250 95
53 220 35
53 381 29
53 447 98
54 323 74
54 407 89
54 361 69
54 123 19
54 268 51
54 334 6
54 303 85
54 375 82
54 73 79
54 76 33
54 117 49
54 214 68
54 311 46
54 431 50
54 347 5
54 414 18
55 370 94
55 256 90
55 325 43
55 169 90
55 90 91
55 380 66
55 126 77
55 352 11
55 400 67
56 242 89
56 148 10
56 202 23
56 362 1
56 282 52
56 298 98
56 128 81
57 346 50
57 275 52
57 420 24
57 350 69
57 312 91
58 209 53
58 83 6
58 181 40
58 345 41
58 351 7
59 417 13
59 450 52
59 419 74
59 71 1
59 301 14
59 174 77
59 372 8
59 437 47
59 406 61
59 344 40
59 398 7
59 251 70
59 156 5
59 126 55
59 448 56
60 193 98
60 66 59
60 227 61
60 204 58
60 199 59
60 172 74
60 141 52
60 80 78
60 211 82
60 373 71
60 407 72
61 275 75
61 216 56
61 138 75
61 382 75
61 300 17
61 366 61
61 346 24
61 78 11
62 258 63
62 179 3
62 422 38
62 87 4
62 274 25
62 106 3
62 408 67
63 194 76
63 298 84
63 345 14
63 362 92
63 333 44
63 351 66
64 274 54
64 179 58
64 422 8
64 106 83
64 139 15
64 315 54
64 171 51
64 95 23
64 318 40
65 209 53
65 178 5
65 388 77
65 181 74
65 199 31
65 353 90
66 193 45
66 388 21
66 199 11
66 136 23
66 265 18
66 204 91
66 77 14
66 211 59
66 373 2
66 407 37
67 226 100
67 99 56
67 196 30
67 197 1
67 151 55
67 80 24
67 180 66
67 188 11
67 247 86
67 184 82
67 186 76
67 348 46
67 319 56
67 320 34
68 267 11
68 323 16
68 327 80
68 303 98
69 163 79
69 436 36
69 198 100
69 236 3
69 308 50
69 427 42
69 108 41
69 205 93
70 391 62
70 266 48
70 203 43
70 382 46
70 243 70
70 309 2
70 150 56
70 440 45
70 281 9
70 229 2
70 411 49
70 299 7
71 419 14
71 324 36
71 261 90
71 437 11
71 174 31
71 309 19
71 406 11
71 344 92
71 156 90
71 251 82
71 448 92
72 434 48
72 322 28
72 343 9
72 120 97
73 196 95
73 375 48
73 172 38
73 204 65
73 348 100
73 211 79
73 117 32
73 407 33
73 184 86
73 123 74
73 80 12
73 414 69
73 214 60
74 114 41
74 131 83
74 260 97
74 170 72
74 183 96
74 135 2
74 248 14
74 292 95
74 443 73
74 307 66
74 79 46
75 386 34
75 130 50
75 118 24
75 167 18
75 280 39
75 112 7
76 323 82
76 361 1
76 268 10
76 334 47
76 431 79
76 433 4
76 303 72
76 311 36
76 347 27
76 221 42
76 219 7
76 415 9
77 100 53
77 136 82
77 265 83
77 334 5
77 204 86
77 242 75
77 373 61
77 407 41
78 294 22
78 423 34
78 138 60
78 300 69
78 366 40
78 432 43
78 244 46
78 216 32
78 313 62
78 346 96
78 383 38
78 326 79
79 114 10
79 339 93
79 278 83
79 135 65
79 170 5
79 331 40
79 234 93
79 307 50
79 248 6
80 193 84
80 226 26
80 196 4
80 197 45
80 375 43
80 172 6
80 204 15
80 141 41
80 211 73
80 214 60
80 247 64
80 184 95
80 186 72
80 348 48
80 414 42
81 132 53
81 295 78
81 232 98
81 104 6
81 146 55
81 404 33
81 88 48
81 441 46
81 412 38
81 253 34
81 296 6
82 385 99
82 417 44
82 423 73
82 424 30
82 432 14
82 238 69
82 174 88
82 115 31
82 340 93
82 437 24
82 182 20
82 336 90
82 317 16
82 383 27
83 181 9
83 360 17
83 345 80
83 351 88
84 402 10
84 210 55
84 148 35
84 282 8
84 121 24
84 202 70
84 354 7
84 128 70
85 354 26
86 162 47
86 389 29
86 134 96
86 207 98
86 208 21
86 89 13
86 116 30
86 143 46
86 249 45
86 421 25
86 284 64
86 222 79
86 95 3
87 274 4
87 422 83
87 296 73
87 144 25
88 132 5
88 101 88
88 295 32
88 232 9
88 104 99
88 296 69
88 404 71
88 441 3
88 412 76
88 253 22
88 224 32
89 162 66
89 421 55
89 166 56
89 175 14
89 208 53
89 116 35
89 207 92
89 249 68
89 389 46
89 284 82
90 380 48
90 200 16
90 153 76
90 442 73
90 400 83
90 256 29
91 192 14
91 360 62
92 98 8
92 259 23
92 359 71
92 392 9
92 381 73
92 110 57
92 367 11
92 94 49
92 306 36
92 276 32
92 217 85
92 250 89
92 220 58
92 157 96
92 158 80
92 447 22
93 401 61
93 195 60
93 140 98
93 126 13
93 256 84
94 392 1
94 98 10
94 217 65
94 250 44
94 235 71
94 446 96
94 447 75
94 110 31
95 134 17
95 106 23
95 143 31
95 318 77
95 207 8
95 274 3
95 179 39
95 116 83
95 408 3
95 315 15
95 222 74
96 449 67
96 339 28
96 228 14
96 341 74
96 278 97
96 439 36
96 187 59
97 257 73
97 176 30
97 262 74
97 103 4
97 376 7
97 316 52
97 430 53
97 239 84
97 304 91
98 259 51
98 220 10
98 165 8
98 392 71
98 110 86
98 367 78
98 276 86
98 217 32
98 250 17
98 381 33
98 447 45
99 226 56
99 196 57
99 293 40
99 247 11
99 184 86
99 436 91
99 180 28
99 246 72
99 279 30
99 152 79
99 186 49
99 155 43
99 348 98
99 285 96
99 151 36
100 242 99
100 373 34
100 407 77
100 136 73
100 265 15
100 334 52
101 422 41
101 295 79
101 237 45
101 177 72
101 404 15
101 441 18
101 253 67
101 224 1
102 337 23
102 212 53
102 133 37
102 111 68
102 218 95
102 445 86
102 270 1
102 399 30
102 368 98
103 420 42
103 262 66
103 430 35
103 257 53
103 176 50
103 239 75
103 313 13
103 316 26
103 326 79
104 146 62
104 404 17
104 132 30
104 295 12
104 412 98
104 232 90
105 177 61
105 215 99
105 139 36
105 237 34
105 171 51
106 274 52
106 422 100
106 179 27
106 171 6
106 315 23
106 318 26
107 173 48
107 435 39
107 165 80
107 213 68
107 310 36
107 314 18
107 259 64
107 252 5
107 397 9
107 444 6
108 436 14
108 198 6
108 151 22
108 205 10
108 319 96
109 418 19
109 273 80
109 230 100
109 369 50
109 338 58
109 137 60
109 410 67
109 331 91
109 255 2
110 220 38
110 359 28
110 392 94
110 367 70
110 217 87
110 276 85
110 250 67
110 381 80
110 447 99
111 337 28
111 133 44
111 389 1
111 249 57
111 218 68
112 321 7
112 386 78
112 340 66
112 118 37
112 130 64
112 426 2
112 336 67
113 161 38
113 369 12
113 387 56
113 188 11
113 137 17
113 122 68
113 396 75
113 429 1
114 292 57
114 231 75
114 135 90
114 234 49
114 331 100
114 307 70
114 339 94
114 248 42
114 185 77
115 417 31
115 385 34
115 423 51
115 244 92
115 424 62
115 238 69
115 336 93
115 340 71
115 182 71
115 432 50
115 383 70
115 294 58
116 162 65
116 421 73
116 134 69
116 318 4
116 143 26
116 208 54
116 207 62
116 179 62
116 249 60
116 389 87
116 315 34
116 284 69
116 222 42
117 214 29
117 196 6
117 123 58
117 172 27
117 414 2
117 180 96
117 375 95
117 184 86
117 186 43
117 347 88
117 348 97
117 155 73
117 246 50
118 321 27
118 130 54
119 134 54
119 389 48
119 143 22
119 286 18
119 207 49
120 322 95
120 343 83
120 332 12
120 301 89
120 434 53
121 402 81
121 210 15
121 365 83
121 354 88
122 161 62
122 387 9
122 230 65
122 369 75
122 137 31
122 429 57
122 227 14
123 361 20
123 268 29
123 303 86
123 246 35
123 375 8
123 347 48
123 414 19
123 214 35
124 386 5
124 356 85
124 357 85
124 426 60
124 395 8
124 272 9
124 190 87
124 240 41
124 288 1
124 280 77
124 378 44
124 384 48
124 189 10
124 159 1
124 416 38
125 289 100
125 293 30
125 279 92
125 296 43
125 330 95
125 152 7
125 285 46
125 144 27
125 160 46
126 450 14
126 195 36
126 169 97
126 398 48
126 370 33
126 352 67
126 372 71
126 156 82
126 256 89
127 305 45
127 355 55
127 198 81
127 168 59
127 297 31
127 363 75
127 269 80
127 163 57
127 271 74
127 142 92
127 241 31
127 233 14
127 390 27
128 148 73
128 298 33
128 202 100
128 282 3
129 306 38
129 307 34
129 260 56
129 359 71
129 231 44
129 201 28
129 381 20
129 443 63
129 157 31
129 158 44
130 321 74
130 386 33
130 340 97
130 426 16
130 336 54
131 307 58
131 260 98
131 183 77
131 248 77
131 443 48
131 292 96
132 232 35
132 404 8
132 295 59
132 296 84
132 253 64
132 412 64
132 144 89
133 337 25
133 218 2
134 389 3
134 318 5
134 143 75
134 286 15
134 207 56
134 179 40
134 315 56
134 222 22
135 307 62
135 278 74
135 231 30
135 248 41
135 234 30
135 331 4
135 339 99
136 193 55
136 407 21
136 265 61
136 334 35
136 242 50
136 373 99
136 204 47
137 387 24
137 230 81
137 429 73
137 273 69
137 338 95
137 369 6
137 255 83
138 417 17
138 385 66
138 423 82
138 300 53
138 366 62
138 432 81
138 244 69
138 216 81
138 383 73
138 294 82
139 177 61
139 422 2
139 215 35
139 171 27
139 237 49
140 401 21
140 291 29
140 261 34
140 364 60
140 195 71
140 287 80
141 193 53
141 227 41
141 172 83
141 199 77
141 204 89
141 387 98
141 211 100
141 197 9
142 241 72
142 163 93
142 168 73
142 233 13
142 355 76
142 363 36
142 269 81
142 254 58
142 271 36
143 389 79
143 249 90
143 286 52
143 222 66
143 207 72
144 289 21
144 293 8
144 279 24
144 296 45
144 330 10
144 160 27
145 241 14
145 396 59
145 390 16
145 328 89
145 297 49
145 299 66
145 206 39
145 302 63
145 305 33
145 440 91
146 412 60
146 327 40
147 225 93
147 215 19
147 223 87
148 210 61
148 362 62
148 298 57
148 202 83
148 282 13
149 258 79
149 163 92
149 263 86
149 162 76
149 427 28
149 236 16
149 308 71
149 377 76
149 284 10
149 254 57
150 229 39
150 233 28
150 266 22
150 299 2
150 269 61
150 403 11
150 243 91
150 206 77
150 275 34
150 271 9
150 312 25
150 281 79
150 382 44
151 226 69
151 196 36
151 293 66
151 205 15
151 436 17
151 180 59
151 247 28
151 184 76
151 186 70
151 155 77
151 285 50
151 319 39
152 180 55
152 293 3
152 246 32
152 279 38
152 409 26
152 186 62
152 155 1
152 285 40
152 160 71
153 442 75
153 444 52
153 200 68
153 173 70
153 400 21
153 435 75
153 213 55
153 245 99
153 379 45
153 252 47
153 349 59
154 449 15
154 228 61
154 358 13
154 442 42
154 187 53
154 173 23
155 226 73
155 196 19
155 293 8
155 247 30
155 184 45
155 180 57
155 246 33
155 409 98
155 186 56
155 348 42
155 285 67
155 414 62
156 450 41
156 332 39
156 301 92
156 398 10
156 174 31
156 372 42
156 437 34
156 406 70
156 344 22
156 251 76
156 448 93
157 306 52
157 220 51
157 359 96
157 217 79
157 443 45
157 381 46
157 158 60
158 306 4
158 220 60
158 359 12
158 217 78
159 386 1
159 356 57
159 426 80
159 395 45
159 335 1
159 240 1
159 405 34
159 280 22
159 378 19
159 189 25
159 190 16
159 288 63
160 289 88
160 279 21
160 205 76
160 293 57
160 285 7
160 296 63
160 330 96
161 369 57
161 393 24
161 396 47
161 429 79
161 302 18
161 273 69
162 377 9
162 166 79
162 263 46
162 249 65
162 421 62
162 284 4
162 208 91
163 168 27
163 363 77
163 236 63
163 308 7
163 377 23
163 254 36
163 427 41
164 290 21
164 445 5
164 277 78
165 259 60
165 392 6
165 397 68
165 367 11
165 276 29
165 374 92
165 314 61
165 447 16
165 438 15
166 368 55
166 421 91
166 263 28
166 284 92
166 175 60
166 208 46
167 405 47
167 335 15
167 280 90
168 241 96
168 355 44
168 390 66
168 233 5
168 363 16
168 269 52
168 271 61
168 305 25
168 254 99
168 198 42
169 450 61
169 325 85
169 370 49
169 332 90
169 301 43
169 398 97
169 352 65
170 255 73
170 183 51
170 248 84
170 331 41
170 191 21
171 177 59
171 422 49
171 237 46
171 318 73
172 193 87
172 247 34
172 196 58
172 375 98
172 204 55
172 211 61
172 214 12
172 407 3
172 184 4
172 348 34
172 414 92
173 228 57
173 358 33
173 200 92
173 435 93
173 252 56
173 442 37
173 187 58
173 444 78
173 314 56
174 417 91
174 385 83
174 419 40
174 423 35
174 238 62
174 437 80
174 406 20
174 344 35
174 317 46
174 251 57
174 383 60
174 448 91
175 212 7
175 421 77
175 263 44
175 249 92
175 428 55
175 368 98
175 270 14
175 208 54
176 257 47
176 262 95
176 376 38
176 430 99
176 239 86
176 304 64
177 422 75
177 237 79
177 224 37
178 353 4
178 413 16
178 209 13
178 191 98
178 192 84
179 318 42
179 274 53
179 222 73
179 408 85
179 315 61
180 226 25
180 196 100
180 247 98
180 184 72
180 246 36
180 409 61
180 186 76
180 348 4
180 285 51
180 414 75
180 214 39
181 209 58
181 388 58
181 345 80
182 385 54
182 417 97
182 423 71
182 424 91
182 238 24
182 432 60
182 321 28
182 340 19
182 336 95
182 317 73
182 383 19
183 292 33
183 248 23
183 413 97
183 192 43
184 226 27
184 196 81
184 214 62
184 247 81
184 186 16
184 348 47
184 414 91
184 246 12
185 228 68
185 278 32
185 231 30
185 201 47
185 234 56
185 187 58
185 310 86
186 226 37
186 196 76
186 247 89
186 214 50
186 348 86
186 414 80
186 246 38
187 449 11
187 228 44
187 278 33
187 358 88
187 439 21
187 310 47
188 226 74
188 197 38
188 247 72
188 396 24
188 319 24
188 320 57
189 356 91
189 395 62
189 240 19
189 190 78
189 272 64
189 280 46
189 378 7
189 288 26
190 386 94
190 356 95
190 357 62
190 426 46
190 395 9
190 272 94
190 288 57
190 240 55
190 280 79
190 378 48
190 416 24
190 384 51
191 353 100
191 413 29
191 255 96
192 353 85
192 413 68
193 227 27
193 199 53
193 204 5
193 211 61
193 373 17
193 407 35
194 351 73
194 298 30
194 362 26
194 333 36
195 401 89
195 291 87
195 261 97
195 256 38
196 226 73
196 214 21
196 247 19
196 348 35
196 414 31
196 246 84
197 226 38
197 348 72
197 211 51
197 247 80
197 319 64
197 320 68
198 305 46
198 241 85
198 390 80
198 297 86
198 355 52
199 227 88
199 388 49
199 209 45
200 252 32
200 358 97
200 400 74
200 435 81
200 213 39
200 442 35
200 245 84
200 444 95
200 379 18
201 306 1
201 307 97
201 310 95
201 359 76
201 234 59
201 259 36
201 381 33
201 231 89
202 298 25
202 333 78
202 282 72
203 291 69
203 391 98
203 266 89
203 364 82
203 371 3
203 243 88
203 309 27
203 440 34
203 281 52
203 261 1
203 283 57
203 411 21
203 287 93
204 265 76
204 211 8
204 373 99
204 407 89
205 289 15
205 436 38
205 279 40
205 293 74
205 285 29
206 305 31
206 229 13
206 390 59
206 297 85
206 266 30
206 299 51
206 355 53
206 269 12
206 403 26
206 302 70
206 233 25
206 243 12
206 271 52
206 440 17
206 241 77
206 328 62
207 389 50
207 222 79
207 286 35
207 249 4
207 315 73
207 318 21
208 389 99
208 249 83
208 421 95
208 284 32
209 353 37
209 388 62
209 413 92
210 402 89
210 282 63
210 365 73
210 354 37
211 227 55
212 290 25
212 399 4
212 428 40
212 445 79
212 270 56
212 368 16
213 444 54
213 264 87
213 329 2
213 435 4
213 245 94
213 342 35
213 314 77
213 379 66
213 252 42
213 438 22
214 375 82
214 414 45
214 348 75
214 347 32
214 246 80
215 225 86
216 275 77
216 326 81
216 366 70
216 346 68
216 300 78
216 382 82
217 359 33
217 392 17
217 306 36
217 250 93
217 220 35
217 381 3
218 337 44
218 399 79
218 445 79
218 270 53
218 368 38
219 323 64
219 361 12
219 267 22
219 365 68
219 303 93
219 433 29
219 431 12
219 311 86
219 221 39
219 415 60
220 359 12
220 392 57
220 381 25
220 306 20
220 250 41
221 433 46
221 431 62
221 311 72
221 361 86
221 365 68
221 415 99
222 274 14
222 408 89
222 315 34
222 318 82
223 225 56
224 422 98
224 295 54
224 237 31
224 404 9
224 441 33
224 253 79
226 247 36
226 348 78
226 319 63
227 429 44
227 387 63
228 449 76
228 358 87
228 231 77
228 278 21
228 314 80
228 310 2
229 355 89
229 403 98
229 391 85
229 233 81
229 266 43
229 299 69
229 328 61
229 271 83
229 241 83
229 243 20
229 440 84
229 281 8
230 369 76
230 393 40
230 418 93
230 338 8
230 425 40
230 273 57
231 307 91
231 310 68
231 234 5
232 404 98
232 295 79
232 441 71
232 412 57
232 253 35
232 296 40
233 305 1
233 355 3
233 390 62
233 299 98
233 269 90
233 271 59
233 241 63
233 403 58
233 312 5
234 339 59
234 310 69
234 307 1
234 278 8
235 329 82
235 374 13
235 394 1
235 446 22
236 308 54
236 377 67
236 363 51
236 427 82
236 254 14
237 422 61
237 441 90
237 253 52
238 385 75
238 417 37
238 423 57
238 424 87
238 336 51
238 340 48
238 317 12
238 383 52
239 257 59
239 290 99
239 420 80
239 428 66
239 430 25
239 304 40
239 316 76
240 357 50
240 395 48
240 272 16
240 288 81
240 356 50
240 378 38
240 416 88
241 355 33
241 328 58
241 297 67
241 299 57
241 269 15
241 403 84
241 302 64
241 305 87
241 271 42
241 390 63
242 373 36
242 265 34
242 334 3
243 391 24
243 266 31
243 403 39
243 309 26
243 440 64
243 281 80
243 411 9
243 299 73
243 382 60
244 262 26
244 326 39
244 423 4
244 424 52
244 432 99
244 313 16
244 294 72
244 383 100
245 435 6
245 252 37
245 264 48
245 379 44
245 444 35
245 349 42
246 409 56
246 348 50
246 285 10
246 414 54
247 348 10
247 319 42
248 292 59
248 331 18
248 255 14
249 389 65
249 421 17
250 359 22
250 392 62
250 276 87
250 381 24
250 447 64
251 385 26
251 417 66
251 419 2
251 324 86
251 261 27
251 309 87
251 406 92
251 344 50
251 437 83
251 382 6
251 448 17
252 264 47
252 397 15
252 435 4
252 438 85
252 314 12
252 379 87
252 444 59
253 295 24
253 404 74
253 441 81
254 308 58
254 263 64
254 377 1
254 363 88
255 338 72
255 418 16
255 331 75
256 401 43
256 358 87
256 442 1
256 400 32
257 262 43
257 430 58
257 376 46
257 313 16
257 316 82
257 326 87
258 274 78
258 408 32
258 308 61
258 427 64
259 392 46
259 397 63
259 367 73
259 276 39
259 310 57
259 314 16
259 381 99
259 447 82
260 306 39
260 292 22
260 443 13
260 307 72
261 419 49
261 324 25
261 391 70
261 364 70
261 291 66
261 309 15
261 411 41
262 326 4
262 313 95
262 316 74
262 430 47
263 421 61
263 377 5
263 284 77
264 435 47
264 444 76
264 438 28
264 329 55
264 379 32
264 342 2
265 407 46
265 373 33
265 334 72
266 391 57
266 299 25
266 403 39
266 309 31
266 440 83
266 281 20
266 411 33
266 382 7
267 433 40
267 323 50
267 431 66
267 311 72
267 347 13
267 303 85
267 415 18
268 375 37
268 407 34
268 361 84
268 334 16
268 431 4
268 373 77
268 311 90
268 347 26
269 355 25
269 363 3
269 403 79
269 271 7
269 275 9
269 312 54
269 350 1
270 290 48
270 428 33
270 445 92
270 399 53
270 368 10
271 305 72
271 355 40
271 390 75
271 297 47
271 363 48
271 403 69
271 312 40
272 356 53
272 357 80
272 384 33
272 416 77
272 378 3
272 288 35
273 369 81
273 418 84
273 393 33
273 338 29
273 425 65
274 422 41
274 408 63
274 315 45
274 318 2
275 300 33
275 366 17
275 403 95
275 312 6
275 346 43
275 382 49
276 392 15
276 381 22
276 397 73
276 367 98
276 374 77
276 447 38
277 290 49
277 445 12
277 304 62
278 449 59
278 331 22
278 339 31
278 341 46
278 439 60
278 410 61
279 289 33
279 293 13
279 330 29
279 285 70
280 386 51
280 356 47
280 335 62
280 405 61
280 378 32
280 395 15
280 288 85
281 324 65
281 391 36
281 300 52
281 366 87
281 309 82
281 411 22
281 382 18
282 298 70
283 425 69
283 440 45
283 393 35
283 371 56
283 411 31
284 421 75
284 377 16
285 289 83
285 293 81
285 330 54
286 389 99
287 401 71
287 291 11
287 364 95
287 371 28
288 386 35
288 356 51
288 426 39
288 395 60
288 335 38
288 405 85
288 378 89
289 293 80
289 330 59
290 428 75
290 316 48
290 445 1
290 430 4
291 309 16
291 411 72
291 364 3
292 307 78
292 443 51
293 330 42
293 436 90
294 423 74
294 424 36
294 432 40
294 340 79
294 313 27
294 383 82
294 326 29
295 404 58
295 441 77
295 412 17
296 330 63
297 305 64
297 328 32
297 299 50
297 355 33
297 302 94
297 390 4
298 351 2
298 362 55
298 333 20
299 390 22
299 391 48
299 328 69
299 302 15
299 403 83
299 440 82
300 419 5
300 324 78
300 366 46
300 382 39
301 450 18
301 322 37
301 332 83
301 398 61
301 370 83
301 352 81
301 372 64
301 343 3
301 448 15
302 305 67
302 390 97
302 396 94
302 440 75
302 328 47
303 323 98
303 361 26
303 431 45
303 311 4
303 347 63
303 415 90
304 376 2
304 430 98
305 355 56
305 328 84
305 390 50
306 359 61
306 307 42
306 443 44
306 381 53
307 443 63
308 377 65
308 427 71
309 324 45
309 391 22
309 419 1
309 382 15
309 411 72
310 397 93
310 314 41
310 444 10
311 361 59
311 323 50
311 431 68
311 433 94
311 347 94
311 415 23
312 403 72
312 346 60
312 350 29
313 326 85
313 384 45
313 432 71
314 435 75
314 444 22
314 397 86
315 408 22
315 318 57
316 420 74
316 428 82
316 430 98
316 326 65
317 417 32
317 322 95
317 423 3
317 343 87
317 336 2
319 436 78
319 320 72
320 396 22
321 386 75
321 340 16
321 426 75
321 424 74
321 336 20
322 434 6
322 343 33
322 332 17
323 361 69
323 431 54
323 347 100
323 415 86
324 419 53
324 437 39
324 406 61
324 344 32
324 382 55
324 448 1
325 370 62
325 380 46
325 352 39
326 346 88
328 390 23
328 440 37
329 374 24
329 342 21
329 394 10
329 438 31
331 418 57
331 339 40
331 341 49
331 410 76
332 450 77
332 398 16
332 370 21
332 372 81
332 343 37
333 351 89
333 362 68
334 361 90
334 407 30
334 373 43
334 375 2
335 405 1
335 378 13
335 395 88
336 423 100
336 424 83
336 340 58
337 399 28
338 369 84
338 425 45
338 393 28
338 410 21
338 418 56
339 341 49
339 410 9
339 418 17
340 423 8
340 424 13
340 426 73
340 432 84
340 386 37
340 383 97
341 449 28
341 418 73
341 439 85
341 410 43
341 371 32
342 394 91
342 438 88
343 450 1
343 372 70
343 434 47
344 385 8
344 417 24
344 419 59
344 372 18
344 437 11
344 406 15
344 448 5
345 351 48
346 366 47
347 361 72
347 375 16
347 431 6
347 414 76
347 415 41
348 414 43
349 379 6
349 380 81
350 420 26
351 362 75
352 370 19
352 450 13
352 372 40
352 398 87
353 413 18
354 402 11
355 363 72
355 403 75
355 390 40
356 386 21
356 426 78
356 395 1
356 405 61
356 378 62
357 384 48
357 416 94
357 376 57
358 449 27
358 442 36
359 392 89
359 381 11
361 375 96
361 433 81
361 431 70
361 415 41
363 377 58
364 371 74
364 391 50
364 411 39
365 433 36
365 402 99
366 382 58
367 392 61
367 397 14
367 374 31
367 381 80
367 447 29
368 428 2
368 445 85
368 399 65
369 387 90
369 393 96
369 429 50
370 450 76
370 398 30
370 372 44
371 425 34
372 450 64
372 398 92
372 448 80
373 407 17
374 394 25
374 438 89
374 447 89
374 446 30
375 407 41
375 414 69
376 416 44
376 430 13
376 384 67
377 427 21
378 395 59
378 405 72
379 435 52
380 400 20
381 392 11
381 447 92
382 419 32
383 417 95
383 385 82
383 423 100
383 424 82
383 437 5
383 432 84
384 416 93
384 426 5
385 417 41
385 419 20
385 423 43
385 432 98
385 437 21
385 448 60
385 406 5
386 426 2
386 395 61
387 429 94
391 440 75
391 411 51
392 447 3
393 440 59
393 425 86
394 446 70
394 438 82
395 426 10
395 405 96
397 444 30
397 447 39
398 450 57
399 445 18
400 442 26
404 441 51
404 412 56
406 417 26
406 419 67
406 437 22
406 448 72
408 427 100
410 418 92
411 440 45
415 433 95
415 431 7
417 419 50
417 423 55
417 432 55
417 437 92
417 448 10
419 437 11
419 448 70
420 428 58
423 424 23
423 432 61
423 437 68
424 432 19
425 440 55
431 433 65
435 444 51
437 448 55
439 449 89
446 447 43
448 450 29
10
1
1
1 2
1 2 3 4
1 2 3 4 5 6 7 8
1 2 3 4 5 6 7 8 9 10 11 12 13 14 15
1 2 3 4 5 6 7 8 9 10 11 12 13 14 15 16 17 18 19 20 21 22 23 24 25 26 27 28 29
1 2 3 4 5 6 7 8 9 10 11 12 13 14 15 16 17 18 19 20 21 22 23 24 25 26 27 28 29 30 31 32 33 34 35 36 37 38 39 40 41 42 43 44 45 46 47 48 49 50 51 52 53 54 55 56 57
1 2 3 4 5 6 7 8 9 10 11 12 13 14 15 16 17 18 19 20 21 22 23 24 25 26 27 28 29 30 31 32 33 34 35 36 37 38 39 40 41 42 43 44 45 46 47 48 49 50 51 52 53 54 55 56 57 58 59 60 61 62 63 64 65 66 67 68 69 70 71 72 73 74 75 76 77 78 79 80 81 82 83 84 85 86 87 88 89 90 91 92 93 94 95 96 97 98 99 100 101 102 103 104 105 106 107 108 109 110 111 112 113
1 2 3 4 5 6 7 8 9 10 11 12 13 14 15 16 17 18 19 20 21 22 23 24 25 26 27 28 29 30 31 32 33 34 35 36 37 38 39 40 41 42 43 44 45 46 47 48 49 50 51 52 53 54 55 56 57 58 59 60 61 62 63 64 65 66 67 68 69 70 71 72 73 74 75 76 77 78 79 80 81 82 83 84 85 86 87 88 89 90 91 92 93 94 95 96 97 98 99 100 101 102 103 104 105 106 107 108 109 110 111 112 113 114 115 116 117 118 119 120 121 122 123 124 125 126 127 128 129 130 131 132 133 134 135 136 137 138 139 140 141 142 143 144 145 146 147 148 149 150 151 152 153 154 155 156 157 158 159 160 161 162 163 164 165 166 167 168 169 170 171 172 173 174 175 176 177 178 179 180 181 182 183 184 185 186 187 188 189 190 191 192 193 194 195 196 197 198 199 200 201 202 203 204 205 206 207 208 209 210 211 212 213 214 215 216 217 218 219 220 221 222 223 224 225
