1632
1 260 34
1 229 19
1 248 85
1 110 6
1 143 20
1 14 56
1 20 89
1 21 77
1 47 44
1 55 54
1 216 46
1 121 26
1 300 73
2 288 64
2 113 93
2 295 67
2 172 24
2 93 95
2 46 25
2 238 73
3 273 36
3 253 39
3 103 32
3 138 67
3 250 19
3 123 21
3 172 2
3 93 3
4 292 87
4 10 75
4 215 82
4 199 100
4 264 87
4 153 69
4 282 49
4 120 9
4 212 76
5 225 35
5 34 82
5 67 61
5 68 95
5 101 33
5 38 40
5 71 13
5 267 66
5 76 51
5 286 100
5 12 21
5 116 13
5 182 69
5 203 59
5 219 65
5 235 89
5 191 15
5 167 83
6 237 59
6 227 80
6 149 16
6 222 5
6 206 48
7 133 66
7 277 60
7 47 23
7 122 50
7 121 98
7 165 56
7 220 39
7 110 27
7 143 4
8 262 42
8 233 64
8 139 43
8 204 22
8 142 22
8 175 54
8 177 67
8 89 100
8 75 18
8 15 15
8 57 12
8 299 29
8 223 45
9 66 5
9 163 31
9 134 95
9 298 56
9 111 81
9 78 22
9 271 13
9 208 25
9 275 65
9 150 68
9 279 77
9 42 91
9 281 7
9 128 57
10 60 24
10 199 18
10 120 85
10 153 2
10 282 52
10 284 20
10 212 68
11 129 67
11 257 17
11 35 5
11 114 74
11 73 39
11 171 19
11 205 48
11 265 1
12 225 93
12 67 90
12 101 67
12 231 98
12 200 70
12 202 36
12 27 37
12 280 2
12 190 66
13 258 21
13 37 2
13 151 33
13 210 14
13 141 6
13 88 54
13 56 31
13 29 40
13 117 7
13 261 18
14 260 33
14 229 40
14 300 42
14 110 67
14 47 29
14 20 8
14 21 86
14 143 69
14 55 88
14 216 26
14 121 25
14 248 41
15 65 28
15 97 53
15 228 30
15 230 48
15 233 44
15 75 26
15 177 95
15 275 49
15 159 98
15 139 87
15 281 77
15 92 67
15 285 77
15 299 57
15 223 29
16 289 97
16 226 55
16 131 68
16 244 1
16 91 31
16 187 83
16 62 17
16 109 56
16 270 47
16 96 88
17 284 31
17 53 74
17 135 21
17 234 94
17 60 94
17 77 72
17 287 18
17 144 84
18 132 83
18 69 89
18 102 42
18 186 37
18 188 100
18 208 63
19 113 27
19 217 90
19 145 44
19 180 65
19 52 50
20 268 29
20 229 46
20 262 96
20 204 55
20 248 76
20 89 70
20 26 83
20 59 36
20 156 16
20 300 11
21 55 66
21 231 78
21 216 96
21 121 67
21 126 29
21 47 48
22 105 97
22 50 17
22 283 6
22 157 37
22 24 63
23 261 16
23 246 26
23 248 12
23 41 37
23 26 32
23 88 81
23 174 39
23 79 5
24 227 26
24 164 98
24 237 20
24 283 76
24 157 41
24 222 62
25 33 11
25 202 26
25 277 16
25 231 72
25 200 60
25 297 94
25 122 67
25 251 61
25 160 62
26 156 77
26 88 34
26 59 22
26 300 11
26 248 41
27 190 89
27 246 32
27 280 31
27 41 13
27 126 17
27 174 47
27 207 75
27 158 70
28 223 10
28 291 27
28 147 39
28 247 100
28 240 43
29 290 36
29 261 68
29 50 30
29 45 8
29 40 52
29 80 26
29 210 36
29 117 75
29 56 16
29 90 53
29 155 51
29 258 85
30 291 82
30 100 97
30 263 19
30 243 73
30 201 89
30 42 83
30 236 83
30 259 76
30 271 62
30 147 70
30 183 44
30 154 70
30 31 48
31 243 22
31 100 17
31 263 36
31 201 61
31 154 51
31 236 25
31 259 43
31 271 83
32 193 72
32 210 59
32 99 98
32 213 26
32 45 8
32 141 59
33 297 2
33 277 32
33 231 28
33 280 21
33 122 69
33 202 58
33 200 47
33 160 40
34 225 98
34 194 47
34 36 46
34 101 25
34 38 67
34 167 17
34 136 55
34 203 98
34 76 86
34 173 98
34 241 42
34 168 77
34 116 50
34 182 4
34 218 77
34 219 32
34 267 21
34 71 74
34 235 29
34 191 23
35 257 99
35 265 37
35 205 6
35 171 73
35 238 82
36 81 4
36 194 33
36 58 5
36 70 87
36 249 13
36 218 71
36 235 77
36 76 68
36 136 12
37 193 55
37 210 99
37 117 57
37 151 70
37 261 96
37 56 95
37 141 63
37 170 22
38 225 86
38 194 34
38 67 80
38 68 56
38 71 88
38 136 58
38 235 62
38 76 68
38 173 88
38 168 71
38 116 29
38 182 97
38 218 63
38 203 39
38 101 37
38 219 19
38 267 59
38 191 13
38 167 4
39 185 19
39 104 91
40 258 8
40 146 89
40 105 2
40 210 25
40 72 98
40 45 16
40 290 94
40 80 10
40 50 27
40 56 37
40 90 18
40 155 46
41 158 38
41 207 65
41 246 28
41 190 51
41 126 50
41 79 44
41 174 69
42 65 37
42 66 2
42 291 70
42 230 47
42 298 71
42 163 52
42 271 61
42 240 56
42 201 56
42 275 18
42 111 84
42 183 99
42 281 14
42 285 18
42 159 31
42 134 46
43 178 19
43 278 40
43 58 70
43 218 69
43 203 75
43 191 12
43 176 39
44 81 16
44 293 1
44 214 3
44 224 10
44 256 18
44 70 46
44 272 75
45 210 27
45 99 48
45 213 26
45 146 59
45 90 43
45 155 35
45 290 70
46 113 59
46 295 23
46 123 6
46 172 56
46 93 7
46 238 49
46 288 59
47 231 96
47 55 39
47 200 100
47 121 24
47 216 4
47 143 91
48 165 96
48 103 16
48 277 13
48 138 55
48 115 40
48 148 64
48 85 61
48 152 76
48 122 26
48 251 66
48 220 70
48 125 83
48 254 57
49 278 70
49 68 52
49 85 13
49 86 41
49 87 64
49 297 1
49 251 58
49 286 88
49 160 83
50 162 36
50 98 69
50 296 76
50 290 67
50 105 61
50 258 98
50 80 30
51 193 55
51 211 31
51 170 44
51 221 69
51 270 27
51 239 13
51 62 45
52 113 32
52 217 89
52 180 26
52 169 61
52 145 37
53 60 46
53 77 24
53 144 50
54 130 77
54 268 62
54 262 100
54 108 65
54 237 41
54 206 47
54 175 14
54 222 2
54 57 24
54 149 18
54 89 89
54 59 45
54 156 30
54 157 20
54 283 34
55 260 57
55 216 8
55 121 61
55 229 31
55 110 75
55 143 20
56 290 20
56 261 15
56 80 89
56 210 64
56 117 99
56 151 67
56 88 26
56 90 77
56 155 34
56 258 82
57 130 27
57 204 69
57 262 63
57 299 75
57 268 82
57 142 92
57 175 82
57 108 93
57 149 84
57 89 99
57 156 61
58 178 55
58 179 60
58 278 52
58 218 90
58 203 9
58 176 33
59 130 40
59 300 72
59 262 11
59 108 71
59 248 6
59 89 55
59 283 39
59 156 78
59 268 39
60 282 63
60 284 64
60 77 19
61 131 84
61 294 90
61 71 70
61 168 78
61 74 86
61 269 96
61 67 39
61 241 5
61 173 87
61 182 85
61 266 100
61 153 64
61 95 29
61 167 25
62 289 91
62 226 33
62 244 32
62 221 98
62 187 80
62 96 60
62 109 25
62 91 85
62 270 78
63 98 46
63 195 49
63 164 45
63 82 49
63 185 30
63 162 4
64 92 62
64 133 47
64 198 41
64 78 46
64 112 29
64 83 89
64 245 5
64 118 52
64 184 44
64 252 29
64 189 91
64 127 7
64 128 25
65 97 71
65 163 55
65 230 1
65 233 78
65 75 66
65 139 37
65 291 85
65 240 46
65 177 52
65 275 46
65 223 89
65 183 78
65 281 28
65 92 44
65 285 58
65 299 71
65 159 4
66 163 74
66 230 46
66 134 26
66 298 60
66 279 100
66 78 56
66 271 97
66 208 7
66 275 56
66 150 63
66 183 50
66 281 47
66 111 23
66 128 21
66 159 36
66 198 67
67 225 98
67 116 57
67 101 65
67 167 53
67 74 72
67 269 83
67 242 47
67 76 19
67 173 71
67 182 11
67 219 80
67 71 51
67 294 94
68 225 12
68 194 5
68 235 86
68 176 13
68 286 61
68 278 45
68 203 44
68 218 100
68 267 69
68 191 83
68 160 8
69 150 20
69 252 58
69 132 86
69 102 25
69 137 5
69 186 50
69 188 45
69 208 88
69 128 5
70 272 88
70 194 91
70 214 78
70 168 4
70 81 76
70 136 31
70 241 17
70 224 95
71 194 80
71 76 38
71 101 22
71 167 23
71 168 7
71 266 71
71 267 35
71 136 28
71 173 17
71 241 22
71 116 79
71 182 71
71 219 43
71 235 69
71 294 36
72 161 95
72 162 11
72 84 60
72 197 4
72 296 52
72 146 16
72 105 58
72 94 17
73 257 82
73 114 83
73 180 26
73 129 27
73 169 84
73 205 83
73 171 98
73 255 72
74 131 98
74 294 26
74 167 70
74 266 100
74 173 43
74 242 88
74 182 51
74 269 83
74 219 80
74 91 2
75 177 67
75 223 93
75 139 49
75 299 78
75 285 73
75 142 37
75 240 6
76 241 16
76 167 39
76 168 20
76 266 47
76 235 82
76 136 4
76 173 96
76 81 38
76 194 55
76 182 85
76 116 43
76 101 79
76 219 82
76 267 57
77 135 51
77 234 29
77 284 36
77 287 7
77 144 30
78 150 64
78 163 17
78 230 17
78 198 34
78 159 27
78 83 56
78 111 9
78 275 88
78 245 93
78 118 54
78 279 83
78 281 76
78 92 6
78 189 48
78 127 44
78 128 98
79 174 67
79 246 27
79 88 41
79 126 6
79 190 81
79 207 95
79 158 5
80 210 49
80 117 49
80 90 91
80 155 30
80 258 27
80 290 54
81 241 92
81 214 53
81 136 29
81 194 73
81 168 28
81 224 36
81 272 8
82 98 36
82 195 13
82 162 70
82 296 45
82 105 99
82 104 68
82 185 35
83 97 82
83 260 41
83 133 19
83 198 56
83 233 8
83 110 88
83 112 88
83 228 88
83 245 35
83 118 86
83 184 17
83 165 100
83 92 11
83 189 15
83 127 77
84 161 78
84 146 75
84 197 97
84 94 1
85 103 50
85 138 7
85 172 92
85 148 84
85 86 8
85 87 54
85 152 92
85 251 98
85 93 98
85 254 88
86 87 27
86 297 36
86 138 77
86 251 58
86 172 8
86 93 30
86 254 65
87 278 16
87 297 21
87 251 43
87 176 79
87 286 7
87 160 86
88 117 70
88 261 43
88 248 16
88 174 32
89 130 83
89 204 14
89 262 83
89 108 98
89 175 97
89 300 76
89 156 2
89 268 48
90 258 8
90 99 52
90 146 78
90 290 76
90 210 82
90 117 65
90 155 43
91 289 99
91 226 5
91 131 65
91 269 65
91 270 6
91 242 43
91 244 25
91 187 53
91 96 5
92 97 26
92 163 67
92 228 58
92 198 73
92 233 58
92 275 93
92 110 55
92 177 10
92 230 80
92 260 83
92 245 97
92 127 38
92 281 100
92 285 48
92 159 84
93 295 23
93 138 72
93 123 100
93 172 15
93 288 98
94 161 28
94 146 49
94 197 35
95 241 29
95 215 9
95 214 92
95 199 41
95 264 61
95 153 50
95 266 8
95 168 92
95 272 100
96 289 14
96 226 36
96 244 92
96 270 19
96 131 62
96 187 40
96 109 81
97 260 3
97 229 46
97 230 44
97 233 31
97 110 2
97 177 78
97 228 15
97 245 49
97 127 7
97 198 19
98 195 12
98 162 56
98 105 67
98 185 97
98 296 62
99 210 67
99 141 81
99 213 19
99 155 39
100 271 44
100 243 64
100 134 75
100 263 94
100 154 79
100 201 42
100 298 95
100 259 25
100 236 77
101 225 88
101 294 52
101 267 11
101 173 39
101 116 85
101 182 38
101 219 51
101 167 33
101 235 33
102 132 60
102 150 67
102 186 3
102 188 79
102 140 43
102 208 32
103 220 73
103 115 40
103 138 88
103 250 24
103 148 24
103 152 55
103 125 75
103 254 27
104 185 50
104 195 4
105 146 68
105 162 9
105 296 100
106 137 32
106 186 67
106 209 46
106 232 69
107 178 62
107 179 54
107 276 17
107 196 22
107 249 29
107 192 44
107 256 16
108 130 7
108 262 58
108 268 10
108 237 19
108 206 49
108 175 48
108 222 68
108 149 19
108 283 25
108 156 53
108 157 69
109 289 88
109 226 38
109 244 32
109 270 3
109 166 56
109 124 70
109 187 81
110 260 61
110 133 50
110 233 88
110 143 78
110 165 46
110 228 21
110 216 71
110 121 6
110 229 76
111 134 48
111 183 3
111 230 3
111 163 77
111 298 27
111 208 69
111 275 41
111 245 72
111 150 78
111 279 15
111 281 6
111 128 23
111 189 83
111 159 98
111 198 33
112 252 84
112 133 75
112 125 82
112 115 53
112 245 84
112 118 77
112 184 27
112 165 74
112 220 52
112 189 77
112 127 13
113 257 65
113 180 36
113 295 35
113 171 97
113 205 68
113 238 82
113 145 12
113 217 19
113 288 33
114 265 24
115 152 35
115 148 66
115 118 93
115 184 45
115 250 92
115 220 76
115 125 99
115 254 33
116 225 38
116 194 41
116 136 51
116 235 80
116 168 26
116 173 71
116 241 42
116 182 50
116 203 68
116 267 85
116 219 80
116 167 46
117 290 80
117 261 45
117 258 58
117 141 62
117 210 19
117 151 96
117 155 69
118 133 7
118 198 68
118 125 4
118 245 92
118 184 88
118 165 32
118 252 70
118 189 24
118 127 10
118 128 40
119 140 58
120 292 92
120 293 71
120 199 62
120 215 45
120 264 47
120 282 63
121 133 73
121 260 100
121 165 18
121 229 26
121 277 75
121 143 43
121 216 46
122 297 79
122 165 36
122 202 87
122 251 69
122 220 96
122 277 51
122 254 99
123 273 68
123 274 50
123 172 50
123 181 5
123 253 99
123 232 39
123 138 27
123 250 32
124 234 43
124 166 58
124 226 11
125 148 77
125 152 65
125 184 95
125 250 13
125 220 97
125 254 69
126 158 42
126 246 6
126 280 3
126 174 77
126 207 9
126 190 66
127 228 77
127 133 31
127 230 85
127 128 44
127 245 30
127 184 85
127 252 64
127 189 60
127 198 94
128 252 16
128 198 67
128 208 91
128 245 99
128 150 98
128 279 70
128 189 28
129 257 92
129 180 2
129 169 64
129 205 15
129 171 35
129 255 58
130 268 10
130 262 91
130 237 94
130 206 61
130 175 56
130 222 48
130 156 36
130 157 78
130 283 63
131 289 61
131 242 48
131 244 52
131 294 64
131 269 17
131 187 15
132 150 96
132 252 46
132 137 72
132 186 35
132 188 16
132 208 100
133 165 55
133 143 69
133 277 46
133 184 32
133 220 8
134 163 73
134 279 35
134 298 77
134 140 1
134 271 67
134 208 13
134 183 47
134 150 72
135 234 20
135 287 81
135 144 11
136 194 90
136 267 67
136 168 17
136 241 33
136 182 59
136 203 99
136 218 40
136 219 96
136 235 82
137 209 89
137 188 55
137 186 29
137 252 24
138 172 36
138 148 71
138 152 17
138 250 28
138 254 83
139 230 7
139 233 86
139 299 54
139 240 66
139 177 25
139 223 83
139 285 14
139 159 48
140 208 55
141 193 4
141 151 98
141 261 33
141 170 87
141 213 57
141 210 54
142 149 57
142 247 5
142 299 43
142 175 52
143 228 50
143 165 56
143 260 1
143 277 9
143 216 54
143 229 68
145 217 64
146 290 98
146 155 57
146 296 49
147 291 21
147 236 96
147 154 77
147 243 83
147 240 24
148 220 61
148 250 74
148 184 83
148 152 84
148 254 64
149 222 99
149 237 8
149 206 40
149 175 93
150 163 45
150 298 12
150 208 99
150 275 55
150 245 99
150 279 24
150 252 84
150 189 79
150 198 6
151 210 8
151 261 32
151 170 25
151 158 69
152 184 17
152 250 27
152 220 12
152 254 4
153 241 74
153 199 89
153 214 56
153 215 88
153 264 79
153 266 75
153 272 2
154 263 89
154 291 55
154 201 74
154 243 56
154 236 22
154 259 10
154 271 47
155 258 66
155 210 82
155 290 80
156 268 75
156 262 3
156 300 57
156 237 41
156 206 31
156 175 39
156 283 63
156 157 6
156 222 28
157 227 21
157 164 51
157 268 74
157 237 36
157 206 29
157 283 56
157 222 1
158 170 67
158 174 20
158 239 20
158 207 43
158 211 31
158 221 86
158 190 3
158 246 75
159 291 26
159 198 97
159 163 22
159 240 2
159 275 98
159 271 15
159 183 78
159 298 31
159 281 75
159 285 41
159 223 31
159 230 8
160 225 55
160 297 90
160 203 73
160 267 39
160 251 78
160 286 95
160 191 2
161 197 68
162 195 99
162 296 43
162 185 17
163 279 85
163 230 57
163 198 99
163 271 80
163 240 64
163 275 66
163 183 45
163 298 1
163 281 70
163 291 55
163 285 52
164 227 64
164 222 28
165 277 70
165 184 11
165 220 91
166 226 98
166 287 93
166 234 32
167 225 96
167 294 74
167 168 46
167 269 63
167 173 97
167 242 43
167 182 48
167 266 52
167 219 21
168 266 70
168 194 13
168 173 39
168 272 69
168 241 94
168 182 7
168 219 70
169 257 23
169 180 88
169 255 39
170 193 67
170 211 12
170 221 27
170 239 97
171 257 75
171 265 53
171 205 46
171 238 45
172 295 83
172 253 7
172 288 7
173 269 51
173 241 73
173 242 77
173 182 55
173 266 44
173 219 16
173 294 62
174 207 80
174 190 92
174 246 57
175 262 88
175 299 64
175 204 51
175 237 40
175 206 39
175 268 49
175 283 9
175 222 4
176 278 24
176 218 92
176 203 47
176 191 60
177 228 35
177 229 52
177 299 1
177 204 59
177 233 75
177 260 68
177 285 4
177 223 66
178 179 15
178 276 83
178 218 92
178 249 47
178 192 14
179 276 29
179 196 73
179 249 88
179 192 58
180 217 28
180 255 28
181 273 31
181 209 11
181 274 64
181 232 23
181 253 76
182 225 37
182 294 56
182 235 79
182 241 35
182 266 21
182 219 5
182 267 7
183 230 7
183 201 87
183 298 78
183 291 95
183 271 71
183 240 76
183 275 21
183 281 49
183 285 55
184 220 84
184 252 55
184 189 65
185 195 68
185 296 93
186 188 62
186 252 89
187 289 61
187 226 82
187 244 20
187 270 93
187 221 26
188 208 25
189 198 83
189 245 99
189 279 80
189 252 73
190 246 66
190 200 91
190 280 89
190 207 76
191 225 58
191 194 4
191 203 37
191 286 5
191 278 10
191 218 13
191 267 11
191 235 62
192 276 74
192 196 74
192 249 77
192 256 73
193 213 38
193 239 71
194 203 55
194 235 21
194 218 18
194 219 81
194 267 4
196 276 23
196 249 72
196 256 1
198 228 43
198 230 28
198 275 15
198 245 96
198 279 44
198 281 58
199 264 6
199 215 23
199 282 58
199 212 23
200 231 79
200 280 93
200 202 59
201 291 41
201 263 25
201 236 42
201 259 43
201 271 30
201 243 20
201 298 78
202 280 97
202 231 5
203 267 70
203 286 8
203 278 69
203 235 79
203 218 73
204 268 97
204 229 42
204 262 11
204 233 51
204 299 24
204 300 48
205 265 94
205 238 64
205 257 51
206 227 51
206 268 76
206 262 49
206 237 50
206 283 80
206 222 82
207 246 57
207 280 17
208 298 31
208 279 85
209 273 29
209 232 58
209 250 56
209 253 17
210 258 92
210 261 84
210 290 13
210 213 76
211 221 5
211 239 35
212 284 39
212 282 100
214 241 69
214 293 57
214 215 54
214 264 3
214 224 100
214 272 35
215 264 46
215 292 11
215 293 56
215 224 81
215 272 65
216 260 17
216 229 13
218 267 35
218 235 46
219 225 62
219 235 4
219 267 41
219 294 6
220 277 16
220 254 57
221 289 4
221 239 26
222 227 50
222 268 87
222 237 48
222 283 32
223 291 4
223 240 45
223 281 32
223 285 23
223 299 81
224 241 29
224 293 63
224 272 78
225 267 93
225 286 26
226 289 56
226 244 91
226 270 12
227 237 8
228 260 77
228 229 65
228 233 59
228 245 86
228 230 27
229 260 84
229 233 93
229 300 51
230 298 26
230 240 43
230 275 29
230 245 17
230 281 87
230 285 89
231 280 45
232 273 21
232 274 27
232 250 15
232 253 95
233 260 22
234 287 94
235 267 47
236 259 45
236 271 11
236 263 85
236 291 15
236 243 7
237 268 53
237 283 3
237 262 15
238 278 39
238 295 29
238 288 50
240 291 37
240 298 8
240 275 38
240 271 69
240 281 52
240 285 10
241 266 81
241 272 38
242 294 84
242 269 67
243 259 6
243 263 49
244 289 8
244 270 75
245 275 100
245 281 96
248 300 54
249 276 11
249 256 17
250 273 3
250 253 92
251 297 95
251 286 62
251 254 96
253 273 1
253 274 19
254 277 13
256 276 52
257 265 77
258 290 59
258 261 45
259 263 9
262 268 82
262 283 63
262 300 71
264 293 35
264 282 51
264 292 73
264 272 31
266 272 13
266 294 99
267 286 69
268 283 57
269 294 32
270 289 62
271 291 5
271 275 84
271 298 67
271 281 34
272 293 27
273 274 32
275 279 46
275 298 15
275 281 6
275 285 13
279 298 46
279 281 45
281 285 30
281 291 6
281 298 70
282 292 50
282 284 27
285 291 62
285 299 51
286 297 46
288 295 94
291 298 64
292 293 3
10
1
1
1 2
1 2 3
1 2 3 4 5
1 2 3 4 5 6 7 8 9 10
1 2 3 4 5 6 7 8 9 10 11 12 13 14 15 16 17 18 19
1 2 3 4 5 6 7 8 9 10 11 12 13 14 15 16 17 18 19 20 21 22 23 24 25 26 27 28 29 30 31 32 33 34 35 36 37 38
1 2 3 4 5 6 7 8 9 10 11 12 13 14 15 16 17 18 19 20 21 22 23 24 25 26 27 28 29 30 31 32 33 34 35 36 37 38 39 40 41 42 43 44 45 46 47 48 49 50 51 52 53 54 55 56 57 58 59 60 61 62 63 64 65 66 67 68 69 70 71 72 73 74 75
1 2 3 4 5 6 7 8 9 10 11 12 13 14 15 16 17 18 19 20 21 22 23 24 25 26 27 28 29 30 31 32 33 34 35 36 37 38 39 40 41 42 43 44 45 46 47 48 49 50 51 52 53 54 55 56 57 58 59 60 61 62 63 64 65 66 67 68 69 70 71 72 73 74 75 76 77 78 79 80 81 82 83 84 85 86 87 88 89 90 91 92 93 94 95 96 97 98 99 100 101 102 103 104 105 106 107 108 109 110 111 112 113 114 115 116 117 118 119 120 121 122 123 124 125 126 127 128 129 130 131 132 133 134 135 136 137 138 139 140 141 142 143 144 145 146 147 148 149 150
