2896
1 356 22
1 101 45
1 424 78
1 264 66
1 41 37
1 426 39
1 76 26
1 303 55
1 145 5
1 248 22
1 250 61
1 440 2
1 349 36
1 31 34
1 390 75
2 242 29
2 84 18
2 486 93
2 18 21
2 297 2
2 220 48
2 78 65
2 224 42
2 496 63
3 267 6
3 44 5
3 492 57
3 351 86
3 16 90
4 259 77
4 164 81
4 262 24
4 352 49
4 304 25
4 433 38
4 467 39
4 214 61
4 28 97
4 381 86
4 414 79
4 96 39
5 481 81
5 194 71
5 389 49
5 135 54
5 391 54
5 40 32
5 73 79
5 81 90
5 225 100
5 159 60
5 465 22
5 116 38
5 21 68
5 447 53
5 348 36
5 63 40
5 256 7
6 434 39
6 85 32
6 350 4
6 472 77
6 443 72
6 208 80
6 397 28
6 14 42
6 495 94
6 46 64
7 289 59
7 23 5
7 201 70
7 348 93
7 256 33
7 47 50
7 16 31
8 423 72
8 490 2
8 171 75
8 141 77
8 176 79
8 377 29
8 243 57
8 180 17
8 86 85
8 407 85
8 376 25
8 89 96
8 383 43
9 449 13
9 114 83
9 179 19
9 36 35
9 245 74
9 137 74
9 285 37
9 364 75
9 333 88
9 14 16
9 398 85
10 345 89
10 402 84
10 421 18
11 289 12
11 117 36
11 197 12
11 205 10
11 104 90
11 105 38
11 106 38
11 140 7
11 429 32
11 47 4
11 432 83
11 309 95
11 471 28
11 87 32
11 282 33
11 453 27
11 80 78
11 190 83
11 186 100
12 129 84
12 273 96
12 131 14
12 487 7
12 107 98
12 142 10
12 209 48
12 498 33
12 373 58
12 310 34
12 442 96
12 284 64
12 384 71
13 49 33
13 132 13
13 229 9
13 425 29
13 251 83
13 300 96
13 334 49
14 449 48
14 51 80
14 452 92
14 245 1
14 350 88
14 137 88
14 333 15
14 398 53
14 208 58
15 65 62
15 113 10
15 163 75
15 229 66
15 248 55
15 213 42
15 27 2
15 360 74
15 318 90
16 44 77
16 201 68
16 348 6
16 256 74
17 193 81
17 290 88
17 291 52
17 359 84
17 136 68
17 298 81
17 331 9
17 56 66
17 257 1
17 382 51
17 83 17
17 308 21
17 266 70
17 60 15
17 203 23
17 417 76
18 242 69
18 84 17
18 439 64
18 496 33
18 297 89
18 220 74
18 77 15
18 78 91
18 224 29
19 435 22
19 431 15
19 456 85
19 427 45
19 476 20
19 445 43
19 451 50
19 207 31
19 470 12
20 130 82
20 403 4
20 484 62
20 244 78
20 166 8
20 98 30
20 154 50
20 459 56
20 115 41
20 319 55
20 64 27
21 481 49
21 194 34
21 135 6
21 40 60
21 81 52
21 465 37
21 73 92
21 116 93
21 447 72
21 159 80
21 312 37
21 389 64
21 63 73
22 161 49
22 214 20
22 24 41
22 26 10
22 347 32
22 328 83
22 269 29
22 381 74
22 352 26
23 289 25
23 105 99
23 117 84
23 201 86
23 282 58
23 432 98
23 190 24
23 47 43
23 80 25
24 161 97
24 26 49
24 347 9
24 269 53
24 352 56
25 231 31
25 387 82
25 437 39
25 118 50
25 375 88
25 90 36
25 315 39
25 396 26
25 187 39
25 395 91
26 161 50
26 497 67
26 347 2
26 109 93
26 352 5
27 322 78
27 360 80
27 113 10
27 144 93
27 241 37
27 371 97
27 343 51
27 458 58
27 122 11
27 160 61
27 318 65
27 288 75
28 259 48
28 164 20
28 389 70
28 262 86
28 200 11
28 40 45
28 304 70
28 433 82
28 467 21
28 214 77
28 247 29
28 69 15
28 252 98
28 381 31
28 159 37
28 96 84
29 226 79
29 100 19
29 488 40
29 329 96
29 335 67
29 337 31
29 439 56
29 185 99
29 58 26
29 92 56
29 221 6
29 94 55
29 287 64
29 32 65
30 34 58
30 68 79
30 324 48
30 261 95
30 358 88
30 279 15
30 232 89
30 368 27
30 110 78
30 462 32
31 356 44
31 485 98
31 70 2
31 424 1
31 41 2
31 42 7
31 264 98
31 211 84
31 390 25
31 273 1
31 76 40
31 436 43
31 373 91
31 426 32
31 250 77
31 384 43
31 320 86
32 226 5
32 100 22
32 488 96
32 329 52
32 335 58
32 337 41
32 242 85
32 84 14
32 181 32
32 439 70
32 185 8
32 58 48
32 92 71
32 221 12
32 94 47
32 287 44
32 224 86
33 353 71
33 257 49
33 291 43
33 492 20
33 169 62
33 202 86
33 267 92
33 428 62
33 355 1
33 497 55
33 469 26
33 121 59
33 218 71
33 60 60
34 68 13
34 134 13
34 279 35
34 358 89
34 153 7
34 464 98
34 232 22
34 253 32
34 462 39
34 110 73
35 59 85
35 340 63
35 393 74
35 367 39
35 415 97
35 281 5
35 491 24
35 236 30
35 444 99
35 127 49
35 374 13
36 252 100
36 69 25
36 200 61
36 235 96
36 364 31
36 398 95
36 239 33
36 179 94
36 183 20
36 124 65
36 285 39
37 418 45
37 196 57
37 363 51
37 111 23
37 143 49
37 286 80
37 50 69
37 339 88
37 468 83
37 86 66
37 88 21
37 377 12
37 478 43
37 448 76
38 489 14
38 388 20
38 151 9
38 89 66
38 490 9
38 219 60
38 172 93
38 141 78
38 95 51
38 176 4
39 483 38
39 357 24
39 168 26
39 138 71
39 461 44
39 270 89
39 399 75
39 112 29
39 180 17
39 280 44
39 346 71
39 93 69
39 478 83
39 479 53
40 481 73
40 465 75
40 135 58
40 69 59
40 200 86
40 433 60
40 159 62
40 312 49
40 389 33
40 447 46
40 252 66
40 63 53
41 76 14
41 390 78
41 264 93
41 42 40
41 424 69
41 273 93
41 211 17
41 436 28
41 373 90
41 426 48
41 356 65
41 250 69
41 70 100
41 384 56
42 356 3
42 70 86
42 199 36
42 264 11
42 390 33
42 296 41
42 301 97
42 273 72
42 211 49
42 436 3
42 215 67
42 76 65
42 384 18
43 370 75
43 228 93
43 103 65
43 392 78
43 409 92
43 314 32
43 61 67
43 62 77
44 201 37
44 338 48
44 351 41
45 385 41
45 386 8
45 227 16
45 165 12
45 102 2
45 167 4
45 354 78
45 394 97
45 174 69
45 466 42
45 148 27
45 234 42
45 446 19
46 434 34
46 85 60
46 66 29
46 443 60
46 397 28
46 495 86
47 225 32
47 289 39
47 104 17
47 105 81
47 106 94
47 80 88
47 117 77
47 432 54
47 190 82
47 256 78
48 325 37
48 422 83
48 399 98
48 280 81
48 155 83
48 268 69
48 139 48
48 479 21
48 112 97
49 425 53
49 251 27
49 300 72
50 418 1
50 196 30
50 363 51
50 143 49
50 478 77
50 339 37
50 468 82
50 111 1
50 88 69
50 377 96
50 315 62
50 286 63
50 448 20
51 179 11
51 405 71
51 124 18
51 398 6
51 350 26
52 71 97
52 338 69
52 491 27
52 236 67
52 367 74
52 272 85
52 82 41
52 340 14
52 311 12
52 120 69
52 474 53
52 316 25
52 255 32
53 359 58
53 298 46
53 203 54
53 492 45
53 493 82
53 499 25
53 222 75
53 83 99
53 308 31
53 342 66
53 56 94
53 379 93
53 266 94
53 331 91
54 340 92
54 172 54
54 311 73
54 236 94
54 281 7
54 474 78
54 108 2
55 482 42
55 307 92
55 212 47
55 118 97
55 90 31
55 409 100
55 314 1
55 61 84
55 62 69
56 321 44
56 417 84
56 359 49
56 136 22
56 266 35
56 331 10
56 204 14
56 83 38
56 463 72
56 499 37
56 308 65
56 298 71
56 203 72
56 60 37
56 222 21
57 324 17
57 261 57
57 197 38
57 104 73
57 105 94
57 106 5
57 205 99
57 186 88
57 368 96
58 226 78
58 100 9
58 488 32
58 329 74
58 221 11
58 335 6
58 337 14
58 181 100
58 470 95
58 439 62
58 431 84
58 92 99
58 94 37
58 287 16
59 444 42
59 486 42
59 297 12
59 413 16
59 404 26
59 374 74
59 415 3
59 281 31
59 220 56
59 317 86
59 191 21
60 257 53
60 417 9
60 492 13
60 136 61
60 266 33
60 203 11
60 355 94
60 83 88
60 469 75
60 218 55
60 202 56
60 291 100
60 359 28
60 169 82
60 298 63
60 428 7
60 497 88
60 499 49
60 308 78
60 121 17
60 382 94
61 370 76
61 307 60
61 228 57
61 392 6
61 409 25
61 460 64
61 62 5
62 370 69
62 228 25
62 103 61
62 392 38
62 409 17
62 314 93
63 481 55
63 194 87
63 364 76
63 69 40
63 465 73
63 135 26
63 73 40
63 389 62
63 200 28
63 81 78
63 116 72
63 433 38
63 447 43
63 312 67
63 252 95
63 159 50
63 114 91
64 97 30
64 226 14
64 484 84
64 98 18
64 166 37
64 130 90
64 459 36
64 78 18
64 177 39
64 244 96
64 319 9
64 185 73
64 287 51
65 303 15
65 163 89
65 356 51
65 101 6
65 70 87
65 264 100
65 313 47
65 213 23
65 248 36
65 318 13
66 397 43
67 230 23
67 238 68
67 294 63
67 295 93
67 330 65
67 378 64
67 158 61
67 128 23
68 420 28
68 261 94
68 358 3
68 232 14
68 237 57
68 110 17
68 462 20
68 369 67
68 279 38
68 408 98
69 481 19
69 433 92
69 389 84
69 247 14
69 200 32
69 235 77
69 364 41
69 304 2
69 465 3
69 114 45
69 159 83
69 183 85
69 312 85
69 252 40
69 96 75
70 356 48
70 390 48
70 199 26
70 264 39
70 296 13
70 301 18
70 206 88
70 273 37
70 211 88
70 436 100
70 213 25
70 215 9
70 248 10
70 76 13
70 384 79
71 82 71
71 293 92
71 338 34
71 316 100
71 189 13
71 430 13
71 255 39
71 272 10
72 451 13
72 254 1
72 182 5
72 326 82
72 456 39
72 74 45
72 427 31
72 445 5
72 494 54
72 207 21
72 400 16
73 481 74
73 194 13
73 364 98
73 465 57
73 391 80
73 184 85
73 81 31
73 114 42
73 116 89
73 159 69
73 312 71
74 193 44
74 290 68
74 326 32
74 321 40
74 249 50
74 331 82
74 204 29
74 254 1
74 463 35
74 494 32
75 450 31
75 195 69
75 294 3
75 165 40
75 230 32
75 210 67
75 233 59
75 174 17
75 178 30
75 148 66
75 438 80
75 473 56
75 410 49
75 123 36
75 380 23
75 454 31
76 356 56
76 390 9
76 424 57
76 426 71
76 264 75
76 273 76
76 211 64
76 436 80
76 373 98
76 248 84
76 250 2
76 384 22
77 198 92
77 455 25
77 242 82
77 457 3
77 496 8
77 401 95
77 277 90
77 406 57
77 216 26
77 181 69
77 411 64
77 220 64
78 98 50
78 244 97
78 459 39
78 242 58
78 403 83
78 84 34
78 319 99
78 439 38
78 185 15
78 287 86
78 224 42
79 156 42
79 133 26
79 263 7
79 125 99
79 188 57
79 173 36
79 240 83
79 416 12
80 289 29
80 260 17
80 453 45
80 87 83
80 471 74
80 106 94
80 140 62
80 205 3
80 432 97
80 105 63
80 309 64
80 282 20
80 117 75
80 429 86
80 190 79
81 481 39
81 225 68
81 135 43
81 391 99
81 194 10
81 465 63
81 114 33
81 116 86
82 338 83
82 293 37
82 282 17
82 316 9
82 189 54
82 430 19
82 255 16
82 272 72
83 321 84
83 417 80
83 359 62
83 136 70
83 298 79
83 266 62
83 203 35
83 204 30
83 193 28
83 290 32
83 463 28
83 222 33
83 499 19
83 308 74
83 331 50
83 382 1
84 242 2
84 496 63
84 181 58
84 287 98
84 439 1
84 185 51
84 224 30
84 94 6
84 319 24
85 434 86
85 472 50
85 153 84
85 253 39
85 443 9
85 397 39
85 495 33
85 208 10
86 423 15
86 231 86
86 490 95
86 363 86
86 141 87
86 176 54
86 243 46
86 407 11
86 376 75
86 377 2
86 383 43
86 448 40
87 260 61
87 117 29
87 471 21
87 309 82
87 453 23
87 140 89
87 429 81
87 271 81
88 468 100
89 388 51
89 423 57
89 490 50
89 141 47
89 176 30
89 243 72
89 383 12
89 407 30
89 376 35
89 154 90
89 151 38
90 482 14
90 387 19
90 212 15
90 437 82
90 375 46
90 327 93
90 396 10
90 307 26
90 118 84
91 452 33
91 253 1
91 472 36
92 226 85
92 100 28
92 488 33
92 329 93
92 221 14
92 335 82
92 337 61
92 470 6
92 439 100
92 94 72
92 287 92
93 483 85
93 357 14
93 168 15
93 171 36
93 461 72
93 99 32
93 270 20
93 180 30
93 246 30
93 407 12
93 280 42
93 383 37
94 226 100
94 100 17
94 488 88
94 329 47
94 335 44
94 337 69
94 242 88
94 181 97
94 439 87
94 185 75
94 221 52
94 287 54
94 224 76
95 276 71
95 437 23
95 231 25
95 423 100
95 219 51
95 187 57
95 172 18
95 395 10
95 176 46
96 247 33
96 259 1
96 262 68
96 200 78
96 239 41
96 304 28
96 433 11
96 467 80
96 164 75
96 183 71
96 252 77
97 337 35
97 226 79
97 166 89
97 185 52
97 177 36
98 130 80
98 115 42
98 484 37
98 166 44
98 244 78
98 459 33
98 177 75
98 319 56
99 483 40
99 484 70
99 166 47
99 168 58
99 171 96
99 268 66
99 270 11
99 115 32
99 246 24
99 280 30
99 139 1
100 335 52
100 488 44
100 329 21
100 431 98
100 337 14
100 435 79
100 181 47
100 470 8
100 439 30
100 216 73
100 476 98
100 221 71
101 163 88
101 156 20
101 426 70
101 440 94
101 173 50
101 303 68
101 240 81
101 145 34
101 213 67
101 150 27
101 248 43
101 313 26
101 188 8
101 125 33
101 318 14
101 416 5
102 385 52
102 354 19
102 419 66
102 167 41
102 386 65
102 234 53
102 332 58
102 227 75
102 238 22
102 466 26
102 149 95
102 441 41
102 446 24
102 158 66
103 370 52
103 228 22
103 392 89
103 409 49
103 314 6
104 289 86
104 324 99
104 117 91
104 106 47
104 105 34
104 197 35
104 205 74
104 432 60
105 289 40
105 197 22
105 106 73
105 205 75
105 432 59
105 117 22
105 190 6
106 289 33
106 324 10
106 197 94
106 140 54
106 205 33
106 432 30
106 190 67
106 117 77
106 186 33
106 453 36
107 209 80
107 129 85
107 131 78
107 442 60
107 460 99
107 157 42
107 126 96
107 336 48
108 172 77
108 340 5
108 404 19
108 236 70
109 497 78
109 257 63
109 291 99
109 283 89
109 161 34
109 365 50
109 347 82
110 261 29
110 358 49
110 232 28
110 237 44
110 462 60
110 369 34
110 420 85
110 279 75
110 408 42
110 134 41
111 418 39
111 196 68
111 138 13
111 461 94
111 143 17
111 286 22
111 339 85
111 346 42
111 478 9
111 448 42
112 357 48
112 399 43
112 280 70
112 325 96
112 155 94
112 479 93
112 422 16
113 241 63
113 322 48
113 229 87
113 360 19
113 425 19
113 122 30
113 477 21
113 318 43
114 449 51
114 194 85
114 465 75
114 391 49
114 364 69
114 333 56
114 137 22
114 116 70
114 245 29
114 481 30
114 312 36
114 184 26
115 459 67
115 130 63
115 484 33
115 139 89
115 168 26
115 270 22
115 483 73
115 246 23
115 171 53
116 481 41
116 194 53
116 135 34
116 391 12
116 225 43
116 465 69
116 159 69
116 312 47
117 289 98
117 197 2
117 471 40
117 140 4
117 453 94
117 429 74
117 309 82
117 282 95
117 205 18
117 432 11
117 190 80
118 387 42
118 437 10
118 375 92
118 187 39
118 327 25
118 396 93
118 307 59
119 137 2
119 324 61
119 452 71
119 391 90
119 184 48
120 292 92
120 341 87
120 311 96
120 170 65
120 474 15
120 344 9
120 223 62
120 362 82
121 353 84
121 291 38
121 492 85
121 169 54
121 202 22
121 267 93
121 428 90
121 355 90
121 469 99
121 266 60
121 218 26
122 241 82
122 229 83
122 322 5
122 343 86
122 360 11
122 425 42
122 477 100
122 175 100
123 450 38
123 195 43
123 454 23
123 306 50
123 233 42
123 365 16
123 258 82
123 174 92
123 178 47
123 438 46
123 473 73
123 410 52
123 283 56
123 380 72
124 278 1
124 179 100
124 235 20
124 285 79
124 350 38
124 398 57
125 145 98
125 150 48
125 156 2
125 303 78
125 313 34
125 173 20
125 188 100
125 240 41
125 416 89
126 209 12
126 292 16
126 341 82
126 327 15
126 362 81
126 361 78
126 442 75
126 460 4
126 157 62
126 142 85
127 338 5
127 340 89
127 367 95
127 491 51
127 236 44
127 415 9
127 272 99
128 385 48
128 294 7
128 295 95
128 330 57
128 332 57
128 419 29
128 238 90
128 158 77
128 466 97
128 149 56
128 217 66
128 378 29
128 446 61
128 230 95
129 273 100
129 131 15
129 199 63
129 296 9
129 301 39
129 206 61
129 336 21
129 209 69
129 211 60
129 436 30
129 310 27
129 442 54
129 384 58
130 244 44
130 154 46
130 459 41
130 484 31
130 403 32
130 319 19
131 209 7
131 199 94
131 487 33
131 273 63
131 498 41
131 211 48
131 384 35
131 373 59
131 310 50
131 442 63
131 284 51
131 320 90
132 228 62
132 334 57
132 296 94
132 300 84
132 392 66
132 206 32
132 336 54
133 145 58
133 275 23
133 263 85
133 323 62
133 240 5
134 153 11
134 464 2
135 389 10
135 447 5
135 159 18
135 348 40
136 417 39
136 257 95
136 291 85
136 359 25
136 298 69
136 202 83
136 203 57
136 428 44
136 499 4
136 308 67
136 469 24
136 218 30
136 266 78
136 382 45
137 449 10
137 194 44
137 452 31
137 391 72
137 364 42
137 333 83
137 245 79
137 184 60
138 418 96
138 196 83
138 357 67
138 461 36
138 143 62
138 478 45
138 339 2
138 180 17
138 346 24
138 286 29
138 448 80
139 280 50
139 483 77
139 268 24
139 246 24
139 168 60
139 171 11
139 479 30
139 270 16
140 260 27
140 453 92
140 429 5
140 271 41
140 471 63
140 282 76
140 309 56
140 189 26
140 190 20
141 388 4
141 231 34
141 423 16
141 490 2
141 395 20
141 176 33
141 243 38
141 151 81
141 376 6
141 377 1
141 407 9
141 383 15
142 209 68
142 292 15
142 341 100
142 487 41
142 362 52
142 361 66
142 442 88
143 418 100
143 196 93
143 363 96
143 461 29
143 286 23
143 339 55
143 468 47
143 377 32
143 346 50
143 478 5
143 448 72
144 371 84
144 188 67
144 343 29
144 163 67
144 313 54
144 458 16
144 156 2
144 160 30
144 318 12
144 288 30
145 188 19
145 426 10
145 173 26
145 303 79
145 240 69
145 150 77
145 440 60
145 313 56
145 156 19
145 416 81
146 369 38
146 305 48
146 500 27
146 453 20
146 471 85
146 408 59
146 186 93
147 258 7
147 347 98
147 365 39
147 269 51
147 328 34
148 386 72
148 227 27
148 165 47
148 167 39
148 450 15
148 233 39
148 394 13
148 174 84
148 306 73
148 234 78
148 380 3
149 385 57
149 354 84
149 419 33
149 295 21
149 466 21
149 330 44
149 332 56
149 238 81
149 158 6
149 217 7
149 441 10
149 446 82
150 163 60
150 156 97
150 248 51
150 173 83
150 303 56
150 240 42
150 440 92
150 313 83
150 188 50
150 416 30
151 489 96
151 403 11
151 388 24
151 154 36
151 490 26
151 376 99
152 498 32
152 372 61
152 309 61
152 344 49
152 284 21
152 170 56
152 412 67
152 189 19
152 430 27
152 223 51
152 320 42
153 434 53
153 472 3
153 443 47
153 253 64
153 495 24
153 464 21
154 403 10
154 244 89
154 489 80
155 325 53
155 399 77
155 280 71
155 422 34
155 268 73
155 479 13
156 163 100
156 173 1
156 240 52
156 303 65
156 313 69
156 188 26
156 416 62
157 307 45
157 327 87
157 442 13
157 460 16
157 387 100
158 385 20
158 230 27
158 165 92
158 295 57
158 330 58
158 332 97
158 238 53
158 419 56
158 466 24
158 378 63
158 446 29
158 294 42
159 481 79
159 194 88
159 389 22
159 200 11
159 465 55
159 433 16
159 447 55
159 312 6
159 252 64
160 371 47
160 343 58
160 458 28
160 288 54
161 328 47
161 347 2
161 269 2
161 352 17
162 402 27
162 405 98
162 278 61
162 480 48
163 173 4
163 213 83
163 303 97
163 248 94
163 313 79
163 188 43
163 318 65
164 259 20
164 262 97
164 239 59
164 304 2
164 433 95
164 467 44
164 247 6
164 252 38
164 381 32
165 385 35
165 386 76
165 227 32
165 230 34
165 167 36
165 233 20
165 234 36
165 174 81
165 446 29
165 466 76
165 438 11
165 394 6
165 473 18
165 380 71
165 454 78
165 238 5
166 177 71
166 459 95
166 484 40
167 193 49
167 354 1
167 227 18
167 386 69
167 394 15
167 174 78
167 466 31
167 385 73
167 234 63
167 446 52
168 357 89
168 171 37
168 268 94
168 461 46
168 270 18
168 483 76
168 180 98
168 246 55
168 280 3
169 257 99
169 355 34
169 492 40
169 202 16
169 267 12
169 428 29
169 291 52
169 497 78
169 353 26
169 469 17
169 266 9
169 218 24
170 498 40
170 474 56
170 372 51
170 293 73
170 344 76
170 189 19
170 412 17
170 430 15
170 223 96
171 483 35
171 357 91
171 270 8
171 180 22
171 246 8
171 407 87
171 383 2
172 276 79
172 341 32
172 361 28
172 219 84
173 188 97
173 240 11
173 303 74
173 313 33
173 416 80
174 386 68
174 195 49
174 454 79
174 210 72
174 233 74
174 178 47
174 306 66
174 450 56
174 438 66
174 473 58
174 410 11
174 380 17
174 230 70
175 241 1
175 322 81
175 343 74
175 360 37
175 477 90
176 388 45
176 231 3
176 423 53
176 490 66
176 383 60
176 377 78
176 243 34
176 395 46
176 376 30
176 363 55
177 226 75
177 484 4
177 185 28
177 459 58
178 450 69
178 195 23
178 454 35
178 258 95
178 233 77
178 365 43
178 438 84
178 473 12
178 410 66
178 380 44
179 235 85
179 364 75
179 333 25
179 398 16
179 245 10
179 183 30
179 285 51
179 350 23
180 483 3
180 357 56
180 461 77
180 270 66
180 243 19
180 246 85
180 407 68
180 377 61
180 478 38
180 383 6
181 335 28
181 496 94
181 242 61
181 435 79
181 277 44
181 439 9
181 216 47
181 411 79
181 476 8
181 224 94
182 326 33
182 457 10
182 427 30
182 456 89
182 494 81
182 207 12
182 400 19
182 401 77
182 435 62
182 406 46
182 216 3
182 249 68
182 476 31
182 299 74
182 192 77
183 200 12
183 235 41
183 364 69
183 398 96
183 239 46
183 465 68
183 247 59
183 312 47
183 252 24
183 285 73
184 449 87
184 452 21
184 391 54
184 194 42
185 226 33
185 329 42
185 224 51
185 337 18
185 335 31
185 319 83
185 439 83
185 287 58
186 324 93
186 261 100
186 205 26
186 368 47
186 305 25
186 500 90
186 471 10
186 197 24
186 453 22
187 375 26
187 437 50
187 423 63
187 231 57
187 315 11
187 363 49
187 396 58
187 395 74
188 240 44
188 303 9
188 313 52
188 416 22
189 293 74
189 429 85
189 430 70
189 372 32
189 309 76
189 282 13
189 412 10
189 223 58
190 289 75
190 293 95
190 429 12
190 432 97
190 282 22
191 489 7
191 404 4
191 486 56
191 374 49
191 281 1
191 413 37
191 317 44
191 297 60
192 326 34
192 455 87
192 457 97
192 299 88
192 493 43
192 494 63
192 463 78
192 400 73
192 401 91
192 207 54
192 249 68
192 222 92
192 406 35
193 417 68
193 321 46
193 227 35
193 359 23
193 290 26
193 394 97
193 331 59
193 204 48
193 463 98
193 382 23
194 449 75
194 481 51
194 391 56
194 364 80
194 465 14
194 312 75
195 450 87
195 454 92
195 258 81
195 233 58
195 365 19
195 306 99
195 438 81
195 473 24
195 410 93
195 380 12
195 283 100
196 418 18
196 363 100
196 461 89
196 286 93
196 339 7
196 468 99
196 377 42
196 478 17
196 448 71
197 324 57
197 453 71
197 205 6
197 368 4
197 471 65
198 401 17
198 277 76
198 406 65
198 455 10
198 457 60
198 411 76
198 220 50
198 496 73
199 356 44
199 296 58
199 301 75
199 206 57
199 336 3
199 273 38
199 211 28
199 436 24
199 215 81
199 384 15
200 465 37
200 252 13
200 247 15
200 235 11
200 364 89
200 239 64
200 304 59
200 433 24
200 312 78
200 389 18
201 255 95
202 257 97
202 353 82
202 355 21
202 428 92
202 266 41
202 267 22
202 492 22
202 291 30
202 497 61
202 499 96
202 469 57
202 218 78
203 417 10
203 492 18
203 359 9
203 298 30
203 331 29
203 428 51
203 499 76
203 308 73
203 266 52
203 379 95
203 222 93
204 290 53
204 326 69
204 359 19
204 394 68
204 331 21
204 463 89
204 321 16
204 249 72
204 222 58
205 289 58
205 324 89
205 453 57
205 432 51
205 368 62
206 436 78
206 215 96
206 296 92
206 211 59
206 301 78
206 334 83
206 336 72
207 451 92
207 326 56
207 456 86
207 427 98
207 494 82
207 400 94
207 435 51
207 476 20
208 452 90
208 245 56
208 472 13
208 443 64
208 495 51
208 350 35
209 498 87
209 284 62
209 310 84
209 487 14
209 442 82
210 230 79
210 454 25
210 473 17
210 378 97
210 380 11
210 438 80
210 294 39
211 356 69
211 264 22
211 296 43
211 301 6
211 390 16
211 273 98
211 436 31
211 373 16
211 215 44
211 384 100
212 482 64
212 396 11
212 375 62
213 356 88
213 215 4
213 248 51
213 313 21
213 264 68
213 318 28
214 467 40
214 259 83
214 262 84
214 352 22
214 381 66
214 414 98
214 304 88
215 356 80
215 264 79
215 296 31
215 301 17
215 336 29
215 273 6
215 436 29
216 455 83
216 456 67
216 431 2
216 400 99
216 435 37
216 277 57
216 476 9
216 470 100
217 419 3
217 295 69
217 330 23
217 332 16
217 238 60
218 353 57
218 291 27
218 492 71
218 267 11
218 428 15
218 355 49
218 257 64
218 497 50
218 469 42
219 395 67
219 276 3
220 455 24
220 393 94
220 496 80
220 277 43
220 374 6
220 444 29
220 411 14
220 486 98
221 488 64
221 329 98
221 431 6
221 337 12
221 435 82
221 335 17
221 470 21
221 439 69
222 321 68
222 290 40
222 359 75
222 298 73
222 493 14
222 463 51
222 499 65
222 308 44
222 249 31
222 299 40
222 331 6
223 412 95
223 487 96
223 430 86
223 498 97
223 372 87
223 344 59
223 284 27
223 362 81
224 242 19
224 329 66
224 496 78
224 287 16
224 439 100
224 319 61
225 348 57
225 256 24
226 337 99
226 329 42
226 335 58
226 319 90
226 439 99
226 287 99
227 385 9
227 290 40
227 354 42
227 394 70
227 386 21
227 234 10
227 446 97
228 370 35
228 392 69
228 409 58
228 314 7
228 334 5
229 322 10
229 360 61
229 425 85
229 251 41
229 300 94
229 477 88
230 386 31
230 294 24
230 295 96
230 238 89
230 466 14
230 454 57
230 438 56
230 473 83
230 378 18
230 380 1
230 446 27
231 375 15
231 423 53
231 315 14
231 363 9
231 395 15
232 369 62
232 261 67
232 358 12
232 279 97
232 408 73
232 462 75
233 450 67
233 454 62
233 306 41
233 365 64
233 438 60
233 473 10
233 410 42
233 380 97
233 283 60
234 385 71
234 386 88
234 354 80
234 394 74
234 419 84
234 466 4
234 441 23
234 446 10
235 265 45
235 364 68
235 398 58
235 239 46
235 247 67
235 252 100
235 285 45
236 340 66
236 367 55
236 272 18
236 311 22
236 281 67
236 474 76
236 491 7
237 275 43
237 420 96
237 366 69
238 385 67
238 419 70
238 295 46
238 330 34
238 332 96
238 446 2
238 466 95
238 378 59
238 294 68
239 247 49
239 265 34
239 252 75
240 263 53
240 303 71
240 313 85
240 416 76
241 322 64
241 343 17
241 360 36
241 477 24
242 496 98
242 277 40
242 439 78
242 411 99
242 287 56
243 423 98
243 490 98
243 407 30
243 376 20
243 377 98
243 383 95
244 403 11
244 459 8
244 319 59
245 449 26
245 452 25
245 364 97
245 333 15
245 398 46
245 285 53
245 350 61
246 484 57
246 268 83
246 270 15
246 483 7
246 280 91
247 433 41
247 259 95
247 304 99
247 467 92
247 252 77
248 356 34
248 264 96
248 426 36
248 303 30
248 440 45
248 313 13
248 318 69
249 321 78
249 326 61
249 457 71
249 299 27
249 493 5
249 494 14
249 406 82
249 401 50
249 463 71
249 331 84
250 424 10
250 485 71
250 390 72
250 440 46
250 426 51
250 475 66
250 349 30
251 425 27
251 300 3
251 334 4
252 465 31
252 259 17
252 364 80
252 304 10
252 433 7
252 262 36
252 312 23
253 434 83
253 472 84
253 443 63
253 495 5
253 464 16
254 274 95
254 326 71
254 354 40
254 441 93
254 427 55
254 494 89
255 338 48
255 316 77
255 272 100
256 348 33
257 417 5
257 355 47
257 428 88
257 291 7
257 497 36
257 469 28
257 382 44
258 450 46
258 410 32
258 365 57
259 262 87
259 304 46
259 433 56
259 467 72
259 381 72
259 414 77
260 485 59
260 471 63
260 309 91
260 475 50
260 429 20
260 453 94
260 271 19
261 462 37
261 358 55
261 279 84
261 324 97
261 368 20
262 433 14
262 467 48
262 304 17
262 381 60
263 275 92
263 323 29
264 356 68
264 426 45
264 301 77
264 390 26
264 273 31
264 436 18
265 278 35
266 417 37
266 492 92
266 359 84
266 298 90
266 428 99
266 499 33
266 308 60
266 379 71
267 355 71
267 492 47
267 428 90
267 469 76
267 379 5
267 351 75
268 483 85
268 325 87
268 280 47
268 479 7
269 347 2
269 328 78
269 352 22
270 483 77
270 357 65
270 461 96
270 280 21
271 309 72
271 471 55
271 453 49
271 475 53
271 429 40
271 485 19
272 340 38
272 367 52
272 338 39
272 311 62
272 316 70
272 491 17
273 356 5
273 296 92
273 301 18
273 390 85
273 436 57
273 373 11
273 310 77
273 384 21
273 320 94
274 451 75
274 445 99
275 323 61
275 420 61
275 366 20
276 437 13
276 327 8
276 361 64
276 395 48
277 455 20
277 457 84
277 496 65
277 401 62
277 406 91
277 411 1
278 405 1
278 285 84
278 480 10
279 358 84
279 324 13
279 462 77
279 368 40
280 483 88
280 325 48
280 422 80
280 399 17
280 357 39
280 479 53
281 486 29
281 413 52
281 491 38
281 404 78
281 340 68
281 374 21
281 317 35
281 415 15
282 289 99
282 293 68
282 429 95
282 430 79
282 372 92
282 309 89
282 316 25
283 306 5
283 450 21
283 410 97
283 347 79
283 365 41
284 412 72
284 487 85
284 498 3
284 373 96
284 310 13
284 344 18
284 320 80
284 384 38
285 364 51
285 333 59
285 398 7
286 418 50
286 461 49
286 339 60
286 468 85
286 377 65
286 346 97
286 478 55
286 448 36
287 329 99
287 335 36
287 337 89
287 439 42
287 319 4
288 371 100
288 343 56
288 458 84
289 432 20
290 321 92
290 417 43
290 359 26
290 394 95
290 331 3
290 463 53
290 382 100
291 355 62
291 428 29
291 497 97
291 417 82
291 469 1
292 341 3
292 361 91
292 474 39
292 362 44
293 316 8
293 309 54
293 372 82
293 412 49
293 430 79
294 466 13
294 446 50
294 454 92
294 438 8
294 473 29
294 378 62
295 385 1
295 330 2
295 332 29
295 419 90
295 466 61
295 378 43
295 446 62
296 301 49
296 334 51
296 436 97
296 336 12
297 404 84
297 486 57
297 489 84
297 317 33
297 413 47
297 374 95
298 417 74
298 492 85
298 359 45
298 428 58
298 499 85
298 308 38
298 379 9
298 331 82
299 401 83
299 457 89
299 326 38
299 406 24
299 331 79
299 493 8
299 463 78
300 425 89
300 334 81
301 356 52
301 336 19
301 436 58
302 323 42
302 349 20
302 408 34
303 440 66
303 313 46
303 416 18
304 433 36
304 467 81
304 381 41
305 369 65
305 500 38
305 471 60
305 408 27
306 450 19
306 394 5
306 365 4
306 382 13
306 410 76
306 380 19
307 387 91
307 327 8
307 460 32
308 417 22
308 359 56
308 331 66
308 463 49
308 499 100
308 379 71
309 429 7
309 430 4
309 372 86
309 471 85
309 412 39
309 453 100
310 487 77
310 498 64
310 373 77
310 320 44
310 344 81
310 384 73
311 474 58
311 340 42
312 481 10
312 364 33
312 465 2
312 433 77
312 389 99
313 318 96
313 416 16
314 370 93
314 409 95
315 468 81
315 375 94
315 363 63
315 396 53
315 395 3
316 338 45
316 430 96
317 404 76
317 489 3
317 486 43
317 413 96
317 374 13
318 360 42
318 458 1
319 459 56
319 439 30
320 485 98
320 390 52
320 424 54
320 498 5
320 373 69
320 384 61
321 326 15
321 359 13
321 331 65
321 463 92
322 343 75
322 360 27
322 477 77
323 369 24
323 408 20
324 368 3
325 422 3
325 479 57
325 399 26
326 493 92
326 494 67
326 463 22
326 400 71
326 406 85
326 427 27
327 437 84
327 460 62
327 387 62
328 347 100
329 335 48
329 337 79
329 439 42
330 378 38
330 332 86
331 359 81
331 463 7
331 493 18
331 417 54
332 385 27
332 419 88
332 441 63
332 466 17
333 449 68
333 452 25
333 364 71
333 398 71
334 370 10
334 392 6
334 336 53
335 488 95
335 431 13
335 337 56
335 470 3
335 439 10
336 392 74
337 439 6
338 367 7
339 418 22
339 346 67
339 478 44
339 448 3
340 491 33
340 367 50
340 474 51
341 474 80
341 361 16
341 362 10
342 379 83
342 493 73
342 351 5
343 371 21
343 360 25
343 458 63
344 498 44
344 372 32
344 487 77
344 412 13
345 405 71
345 421 18
345 402 88
346 418 94
346 357 100
346 399 6
346 461 32
346 478 66
347 365 99
347 352 71
349 485 55
349 440 19
349 475 65
349 424 80
350 397 34
350 398 55
351 492 71
351 379 38
352 381 80
352 414 91
353 355 87
353 469 78
353 447 25
354 385 14
354 386 82
354 419 9
354 441 90
354 446 28
355 428 67
355 492 12
355 497 70
355 469 100
356 390 39
356 436 79
356 426 18
356 384 82
357 483 62
357 461 3
357 407 89
357 478 74
358 368 37
358 462 54
359 417 84
359 499 96
359 463 18
359 382 36
360 458 40
360 477 85
361 362 80
362 487 21
362 474 65
363 423 6
363 395 21
363 468 50
363 377 36
363 448 1
364 449 54
364 391 11
364 398 70
364 465 91
364 481 58
365 410 85
365 450 18
366 420 3
367 491 82
367 415 67
369 408 57
369 500 50
369 462 60
370 392 17
370 409 96
371 458 30
372 498 6
372 412 58
372 430 34
373 485 49
373 390 36
373 424 88
373 498 62
373 384 13
374 444 98
374 486 18
374 393 80
374 491 66
374 413 24
374 415 59
375 482 18
375 437 53
375 396 88
376 388 98
376 407 43
376 423 4
376 490 51
376 383 91
377 418 19
377 423 17
377 461 14
377 478 92
377 407 48
377 383 71
377 448 18
378 466 15
379 499 14
379 428 14
379 492 42
380 450 86
380 438 49
380 473 77
380 410 24
380 454 41
381 467 6
381 414 34
382 417 68
382 394 78
383 423 85
383 490 26
383 407 18
384 390 27
384 424 48
384 436 18
385 386 68
385 419 82
385 466 92
385 441 85
385 446 16
386 466 53
386 394 50
386 446 66
387 437 47
387 396 15
388 489 56
388 490 66
389 481 81
389 433 40
389 465 86
389 447 13
390 485 17
390 424 80
390 426 39
390 436 98
391 449 99
391 465 12
391 481 78
392 409 1
393 444 24
393 415 77
395 423 87
395 437 38
396 482 43
396 437 90
397 434 21
397 495 5
398 449 26
399 422 94
399 479 14
400 451 17
400 456 68
400 457 85
400 427 64
400 494 75
400 435 82
400 406 70
400 476 50
401 455 64
401 457 67
401 493 67
401 406 3
401 411 92
402 405 64
402 421 11
402 480 9
403 459 33
404 486 94
404 489 64
404 413 13
405 421 36
405 480 75
406 455 94
406 457 76
406 493 21
406 411 98
408 462 64
408 500 60
410 450 35
410 454 93
410 438 53
410 473 23
411 455 72
411 457 5
411 496 58
412 498 92
412 430 68
413 489 87
413 486 47
414 467 2
415 491 15
415 444 74
418 461 99
418 478 68
418 448 70
419 446 85
419 466 22
419 441 94
422 479 21
423 490 84
424 485 29
424 426 36
424 475 38
425 477 81
426 440 14
427 451 58
427 494 67
427 456 65
427 445 87
428 492 6
428 499 44
428 469 14
429 453 93
429 471 73
431 435 60
431 470 12
431 456 22
431 488 13
431 476 92
433 467 76
434 472 41
434 443 25
434 495 55
435 456 14
435 488 80
435 476 55
435 470 58
438 454 28
438 473 33
442 460 67
442 487 19
443 472 47
443 495 18
443 464 51
444 496 34
444 486 21
445 451 39
446 466 85
448 461 30
448 468 34
448 478 48
449 452 8
450 454 10
450 473 35
451 456 80
451 494 74
453 471 39
454 473 30
455 457 7
455 496 62
456 494 53
456 470 69
456 476 40
457 493 53
459 484 40
461 478 63
462 500 30
463 493 44
463 494 11
464 472 24
465 481 95
469 492 67
469 497 76
470 488 78
470 476 11
471 475 9
472 495 22
475 485 97
476 488 44
487 498 93
492 499 6
10
1
1
1 2
1 2 3 4
1 2 3 4 5 6 7 8
1 2 3 4 5 6 7 8 9 10 11 12 13 14 15 16
1 2 3 4 5 6 7 8 9 10 11 12 13 14 15 16 17 18 19 20 21 22 23 24 25 26 27 28 29 30 31 32
1 2 3 4 5 6 7 8 9 10 11 12 13 14 15 16 17 18 19 20 21 22 23 24 25 26 27 28 29 30 31 32 33 34 35 36 37 38 39 40 41 42 43 44 45 46 47 48 49 50 51 52 53 54 55 56 57 58 59 60 61 62 63
1 2 3 4 5 6 7 8 9 10 11 12 13 14 15 16 17 18 19 20 21 22 23 24 25 26 27 28 29 30 31 32 33 34 35 36 37 38 39 40 41 42 43 44 45 46 47 48 49 50 51 52 53 54 55 56 57 58 59 60 61 62 63 64 65 66 67 68 69 70 71 72 73 74 75 76 77 78 79 80 81 82 83 84 85 86 87 88 89 90 91 92 93 94 95 96 97 98 99 100 101 102 103 104 105 106 107 108 109 110 111 112 113 114 115 116 117 118 119 120 121 122 123 124 125
1 2 3 4 5 6 7 8 9 10 11 12 13 14 15 16 17 18 19 20 21 22 23 24 25 26 27 28 29 30 31 32 33 34 35 36 37 38 39 40 41 42 43 44 45 46 47 48 49 50 51 52 53 54 55 56 57 58 59 60 61 62 63 64 65 66 67 68 69 70 71 72 73 74 75 76 77 78 79 80 81 82 83 84 85 86 87 88 89 90 91 92 93 94 95 96 97 98 99 100 101 102 103 104 105 106 107 108 109 110 111 112 113 114 115 116 117 118 119 120 121 122 123 124 125 126 127 128 129 130 131 132 133 134 135 136 137 138 139 140 141 142 143 144 145 146 147 148 149 150 151 152 153 154 155 156 157 158 159 160 161 162 163 164 165 166 167 168 169 170 171 172 173 174 175 176 177 178 179 180 181 182 183 184 185 186 187 188 189 190 191 192 193 194 195 196 197 198 199 200 201 202 203 204 205 206 207 208 209 210 211 212 213 214 215 216 217 218 219 220 221 222 223 224 225 226 227 228 229 230 231 232 233 234 235 236 237 238 239 240 241 242 243 244 245 246 247 248 249 250
