1847
1 259 70
1 197 3
1 71 59
1 103 79
1 83 80
1 208 81
1 243 45
1 309 88
1 86 66
1 119 100
1 346 31
1 348 78
1 254 17
1 53 43
2 274 78
2 163 29
2 26 63
2 25 84
2 138 39
2 224 3
2 96 15
3 210 85
3 212 99
3 52 5
3 170 93
3 59 100
3 125 63
3 142 40
3 287 61
4 290 35
4 172 42
4 69 52
4 134 6
4 9 65
4 312 5
4 104 11
4 74 9
4 34 84
4 220 71
5 258 19
5 198 45
5 150 99
5 90 98
5 296 49
5 130 88
5 234 4
5 155 7
5 168 3
5 15 59
5 160 56
6 97 75
6 116 30
6 260 23
6 228 24
6 57 69
6 199 84
6 344 95
6 276 94
6 157 87
7 179 53
7 301 38
7 42 44
7 124 58
7 221 70
7 320 28
8 101 77
8 102 35
8 327 57
8 40 91
8 308 84
8 136 7
8 333 3
8 336 36
8 115 65
8 244 24
8 120 57
8 187 85
8 248 10
8 61 96
8 255 90
8 288 71
9 241 70
9 34 37
9 134 88
9 104 32
9 137 71
9 74 39
9 300 70
9 174 33
10 65 8
10 322 53
10 68 30
10 332 7
10 347 81
10 79 41
10 50 91
10 223 23
10 87 11
10 283 97
10 60 2
10 29 64
10 158 12
10 95 42
10 64 89
11 306 40
11 227 58
11 275 68
11 215 82
11 135 29
11 232 11
11 43 90
11 238 67
11 159 37
11 144 20
12 289 20
12 148 10
12 309 85
12 214 97
12 311 28
12 121 77
12 202 94
12 92 80
12 317 49
12 158 21
12 336 74
13 345 81
13 66 81
13 132 66
13 21 57
13 279 66
13 122 44
13 185 49
13 218 3
13 299 93
14 49 76
14 324 24
14 325 83
14 262 86
14 265 91
14 266 24
14 171 9
14 77 71
14 45 77
14 145 36
14 147 20
14 182 75
14 106 24
14 58 8
14 256 37
14 192 28
15 130 51
15 133 59
15 196 14
15 117 95
15 258 96
15 325 85
15 314 25
15 155 10
15 90 52
15 48 93
16 337 14
16 213 18
16 230 50
16 56 62
16 141 68
16 350 39
16 143 90
16 342 98
17 290 29
17 179 51
17 172 62
17 312 76
17 41 69
17 42 71
17 220 45
17 301 72
18 194 53
18 115 19
18 308 14
18 39 25
18 327 76
18 248 100
18 40 71
18 92 17
18 136 20
18 336 35
19 323 55
19 165 67
19 295 33
19 233 37
19 330 35
19 240 66
19 302 53
19 80 11
19 305 82
19 245 32
19 246 15
19 250 55
19 91 18
19 316 7
19 126 94
20 264 22
20 261 99
20 198 83
20 72 37
20 24 40
20 111 72
20 146 52
20 307 76
20 175 60
20 151 99
20 280 50
20 186 68
20 88 68
20 28 79
21 218 82
21 299 24
21 122 72
21 66 81
22 162 16
22 310 97
22 167 14
22 328 26
22 47 16
22 128 12
23 274 100
23 84 85
23 38 20
23 107 60
23 304 50
23 272 83
24 33 89
24 261 83
24 198 16
24 264 44
24 72 62
24 111 37
24 146 82
24 307 76
24 175 32
24 151 49
24 88 13
24 186 80
24 28 11
24 127 1
25 339 11
25 164 85
25 138 5
25 26 50
25 224 40
25 285 43
25 152 59
25 96 94
26 274 46
26 163 19
26 164 29
26 152 53
26 138 40
26 96 76
26 224 12
27 105 34
27 235 45
27 286 23
27 190 79
28 280 17
28 33 54
28 261 73
28 198 73
28 264 62
28 111 78
28 146 13
28 307 84
28 175 52
28 151 39
28 88 4
28 186 38
28 72 81
29 65 27
29 322 99
29 68 61
29 326 84
29 249 44
29 283 95
29 332 75
29 79 61
29 223 58
30 242 52
30 195 41
30 180 41
30 63 69
30 55 16
30 114 93
30 249 83
30 292 87
30 109 11
30 62 27
30 79 5
31 193 58
31 323 10
31 282 8
31 330 67
31 316 20
31 67 94
32 46 76
32 197 75
32 71 50
32 103 49
32 349 38
32 299 35
32 206 63
32 208 80
32 83 81
32 86 67
32 119 90
32 189 50
32 254 62
33 146 38
33 307 83
33 340 37
33 261 46
33 198 68
33 264 41
33 186 63
33 111 18
33 127 37
34 241 64
34 137 42
34 134 31
34 104 81
34 74 69
34 300 58
34 253 29
34 174 51
35 131 69
35 181 69
35 85 89
35 343 56
35 169 52
35 154 42
35 139 51
35 173 92
36 225 34
36 161 91
36 200 87
36 75 100
36 268 76
36 239 57
36 112 39
36 338 7
36 340 33
36 277 44
36 335 69
36 217 14
36 251 77
36 319 27
36 342 85
37 66 64
37 85 81
37 343 11
37 122 70
37 169 18
37 181 63
37 236 45
37 173 100
37 78 41
37 191 2
38 274 67
38 84 83
38 107 48
38 171 25
38 304 61
38 315 3
38 272 90
39 115 43
39 92 50
39 293 6
39 54 42
39 248 78
39 194 10
39 64 31
39 216 73
39 294 66
40 101 60
40 102 50
40 327 88
40 308 69
40 136 40
40 336 82
40 115 78
40 244 96
40 214 40
40 248 97
40 255 75
41 179 11
41 172 36
41 301 32
41 42 56
41 220 14
41 221 61
41 320 83
42 179 65
42 221 2
42 124 44
42 301 6
42 320 97
43 135 76
43 232 31
43 201 39
43 76 61
43 269 9
43 238 79
43 81 89
43 306 81
43 275 71
43 215 5
43 184 22
43 297 30
44 226 68
44 107 56
44 284 92
44 166 82
44 272 13
45 257 4
45 163 70
45 164 67
45 262 100
45 265 17
45 106 1
45 140 30
45 77 24
45 147 67
45 182 35
45 152 54
45 138 23
45 266 55
45 318 93
45 256 9
46 197 62
46 71 97
46 295 88
46 206 49
46 80 98
46 305 99
46 83 79
46 119 54
46 346 86
46 91 38
46 103 33
46 349 68
46 254 17
47 273 81
47 162 53
47 328 25
47 261 95
47 183 21
47 264 26
47 56 25
47 167 32
47 278 4
48 130 81
48 196 72
48 133 25
48 123 36
48 117 37
48 314 64
48 315 8
48 270 55
48 176 18
49 258 49
49 324 86
49 325 20
49 262 60
49 265 45
49 266 72
49 268 40
49 239 98
49 145 19
49 338 95
49 117 71
49 182 91
49 58 89
49 90 58
49 256 81
49 192 15
50 65 30
50 322 48
50 293 84
50 294 16
50 267 18
50 178 84
50 54 83
50 87 39
50 153 74
50 347 75
50 60 28
50 95 83
50 64 67
51 198 94
51 340 96
51 168 35
51 150 69
51 234 32
51 217 23
51 186 14
51 160 42
51 127 41
51 335 55
51 112 67
52 210 11
52 212 88
52 170 40
52 59 12
52 348 72
52 189 32
52 208 22
53 243 17
53 148 12
53 197 48
53 309 3
53 121 97
53 346 45
53 259 96
53 317 8
53 254 29
53 255 88
54 65 58
54 194 91
54 293 67
54 294 23
54 334 62
54 87 1
54 216 94
54 347 11
54 95 67
54 64 13
55 303 10
55 113 57
55 180 74
55 223 58
55 326 75
55 249 38
55 332 11
55 79 9
55 118 84
56 273 19
56 337 48
56 213 62
56 278 7
56 183 68
56 141 91
56 350 46
56 230 62
57 129 45
57 209 50
57 260 90
57 118 6
57 344 8
57 276 54
57 331 58
57 240 82
57 126 43
57 246 84
58 258 67
58 324 53
58 325 31
58 262 5
58 265 30
58 266 3
58 268 52
58 239 36
58 145 37
58 338 74
58 277 69
58 182 75
58 90 7
58 192 81
58 256 89
59 210 25
59 120 64
59 333 67
59 187 99
59 61 56
59 288 16
60 178 2
60 87 81
60 153 75
60 347 12
60 252 63
60 267 51
60 95 77
61 102 19
61 244 68
61 333 42
61 203 27
61 204 98
61 205 42
61 110 54
61 308 66
61 120 3
61 187 20
61 93 95
61 288 97
62 114 71
62 195 4
62 292 61
62 242 2
62 109 77
62 63 79
63 242 23
63 195 41
63 292 82
63 114 22
63 109 40
64 65 89
64 194 81
64 293 100
64 294 3
64 87 50
64 216 9
64 347 97
64 92 17
64 158 39
64 95 63
65 194 32
65 68 82
65 293 47
65 294 14
65 322 7
65 347 24
65 87 69
65 283 67
65 92 60
65 158 75
65 95 57
66 99 4
66 132 15
66 343 37
66 263 72
66 236 95
66 78 1
66 279 64
66 345 46
66 122 56
67 323 51
67 165 55
67 282 75
67 330 99
67 316 21
67 302 59
68 113 16
68 322 17
68 79 4
68 202 91
68 283 58
68 332 5
68 223 21
68 326 34
69 290 42
69 134 60
69 220 50
69 312 7
69 74 70
69 172 48
70 98 18
70 213 24
70 207 81
70 251 55
70 188 65
70 222 87
70 143 35
71 206 28
71 197 6
71 83 88
71 119 5
71 103 77
71 349 90
71 254 100
71 86 26
72 280 5
72 261 79
72 264 70
72 175 67
72 146 2
72 307 13
72 111 79
72 151 26
72 88 56
73 345 8
73 185 7
73 132 41
73 279 6
73 263 11
74 241 15
74 229 88
74 134 73
74 104 1
74 290 74
75 177 16
75 161 88
75 277 98
75 239 57
75 319 20
75 200 80
75 268 54
75 237 12
75 94 93
75 338 55
76 125 55
76 212 100
76 85 14
76 135 15
76 169 46
76 298 40
76 173 59
76 142 23
76 269 28
77 324 8
77 262 1
77 265 18
77 266 76
77 140 60
77 211 53
77 182 94
77 106 85
77 152 100
77 318 89
77 256 51
78 181 64
78 99 82
78 132 52
78 279 71
78 343 26
78 345 23
78 122 31
78 236 76
79 322 81
79 326 50
79 332 66
79 113 41
79 180 3
79 249 72
79 283 10
79 223 34
80 305 43
80 246 82
80 197 70
80 295 84
80 103 95
80 91 34
80 240 76
80 302 2
80 126 26
81 257 12
81 297 10
81 275 74
81 108 56
81 238 24
81 144 56
81 201 39
81 339 80
81 215 15
81 184 74
81 285 46
81 224 87
82 161 66
82 327 9
82 136 27
82 333 83
82 204 93
82 237 23
82 110 22
82 207 30
82 222 9
82 177 17
82 308 29
82 205 40
82 281 98
82 188 81
82 93 26
82 94 39
83 197 17
83 86 1
83 119 16
83 103 13
83 349 6
83 254 43
83 206 32
84 272 17
84 304 29
84 107 41
84 123 44
84 315 5
84 171 21
84 192 37
85 181 61
85 343 86
85 298 2
85 169 24
85 139 30
85 173 91
86 170 96
86 299 46
86 206 35
86 208 32
86 189 23
86 119 67
86 348 81
86 349 49
86 254 81
87 194 60
87 293 59
87 294 89
87 216 15
87 347 60
87 158 99
87 95 89
88 280 32
88 146 13
88 307 28
88 198 43
88 186 33
88 111 49
88 175 18
89 321 69
89 241 77
89 341 88
89 329 56
89 267 36
89 156 33
89 334 39
89 174 59
90 258 68
90 133 92
90 130 45
90 325 7
90 117 23
90 145 49
90 155 92
91 305 42
91 323 40
91 246 56
91 103 39
91 295 23
91 126 96
91 302 14
91 240 16
92 194 67
92 294 73
92 336 3
92 115 64
92 214 56
92 311 63
92 158 58
92 95 58
93 327 15
93 136 67
93 205 58
93 204 36
93 237 94
93 110 41
93 207 88
93 177 19
93 308 73
93 333 60
93 187 37
93 188 6
93 222 44
93 281 22
94 161 81
94 200 8
94 205 53
94 204 68
94 237 70
94 110 51
94 177 26
94 211 98
94 277 66
94 281 56
94 203 4
95 194 47
95 293 25
95 294 55
95 322 80
95 158 31
95 347 21
95 283 67
96 163 92
96 274 78
97 235 85
97 116 55
97 199 75
97 228 23
98 213 7
98 143 18
98 216 9
98 219 1
98 207 24
99 181 45
99 343 2
99 279 62
99 345 95
99 236 6
99 231 3
100 178 87
100 267 23
100 149 63
100 137 66
100 153 96
100 300 69
100 253 56
100 174 85
100 271 72
101 244 17
101 102 89
101 333 1
101 336 28
101 243 16
101 308 4
101 120 96
101 187 99
101 255 54
101 248 28
102 327 25
102 308 13
102 333 16
102 136 30
102 336 85
102 115 99
102 244 86
102 248 13
102 187 82
102 120 19
102 255 55
102 288 53
103 259 29
103 197 54
103 295 16
103 206 19
103 305 28
103 119 83
103 121 43
103 346 68
103 349 20
103 254 70
104 241 63
104 229 7
104 134 55
104 300 47
105 114 83
105 109 59
105 190 65
105 286 14
106 163 92
106 324 32
106 262 18
106 265 37
106 266 6
106 171 27
106 147 90
106 182 37
106 256 88
106 318 50
106 192 38
107 304 87
107 272 21
108 201 40
108 184 92
108 297 18
108 298 16
108 269 89
109 242 40
109 292 14
109 286 83
109 114 51
109 190 77
110 161 80
110 205 78
110 203 72
110 204 65
110 237 34
110 177 75
110 281 51
110 333 48
110 187 29
110 222 17
111 280 67
111 198 17
111 234 29
111 175 73
111 146 67
111 307 52
111 186 44
112 319 28
112 225 8
112 230 80
112 168 74
112 268 2
112 335 45
112 340 50
112 150 12
112 200 72
112 217 78
112 350 52
112 127 59
112 342 88
113 223 99
113 313 100
113 326 41
113 303 30
113 249 49
113 202 15
113 332 81
113 118 88
114 242 41
114 292 78
114 286 82
114 190 89
115 194 86
115 327 100
115 136 35
115 336 100
115 308 71
115 248 3
116 228 79
116 157 69
116 199 82
117 196 35
117 133 8
117 258 68
117 325 99
117 130 22
117 145 39
117 314 62
117 155 77
117 123 36
118 260 72
118 303 32
119 197 43
119 206 51
119 349 47
119 254 58
120 333 62
120 210 100
120 308 73
120 244 72
120 187 27
120 255 13
120 288 67
121 289 9
121 259 24
121 197 7
121 309 65
121 202 1
121 148 81
121 214 73
121 311 37
121 313 20
121 346 50
121 317 44
122 132 37
122 263 95
122 236 18
122 345 13
122 279 75
122 185 36
122 218 36
123 130 69
123 284 61
123 133 92
123 226 41
123 171 91
123 270 4
123 314 48
123 315 62
123 272 74
124 179 90
124 301 53
124 221 40
124 320 75
125 212 69
125 191 33
125 135 48
125 173 61
125 142 98
125 287 9
126 129 74
126 209 38
126 295 5
126 233 42
126 331 27
126 302 89
126 305 86
126 276 3
126 245 73
126 246 61
126 247 8
126 250 98
126 240 59
127 198 13
127 168 57
127 234 73
127 335 10
127 340 6
127 150 47
127 217 55
127 186 70
127 350 27
128 179 90
128 310 23
128 221 89
128 328 83
129 260 69
129 233 13
129 331 21
129 240 23
129 209 60
129 276 96
129 245 82
129 246 28
129 247 66
129 344 62
129 250 78
130 258 56
130 196 48
130 133 51
130 325 93
130 155 73
130 314 82
131 154 23
131 181 97
131 139 24
131 343 32
132 279 80
132 263 75
132 218 9
132 345 61
132 236 4
132 185 28
133 196 88
133 314 83
133 315 60
133 270 30
134 290 10
134 172 99
134 220 68
134 312 81
135 306 54
135 275 60
135 212 82
135 215 10
135 232 71
135 238 52
136 327 33
136 204 62
136 333 38
136 207 60
136 308 95
136 248 10
136 281 4
136 222 51
137 300 47
137 253 16
137 174 92
137 271 14
138 257 49
138 163 59
138 164 97
138 140 33
138 144 73
138 147 6
138 152 86
138 285 23
138 318 59
138 224 83
139 181 59
139 343 42
139 154 68
140 257 34
140 227 27
140 164 6
140 285 98
140 152 39
140 318 67
140 159 3
140 144 55
141 337 68
141 273 63
141 291 19
141 213 1
141 278 3
141 183 15
142 173 33
142 212 98
142 191 34
142 170 31
142 287 12
143 225 51
143 230 47
143 337 5
143 213 97
143 342 11
143 251 68
143 188 80
143 350 22
143 319 99
144 257 83
144 227 38
144 164 26
144 339 10
144 238 27
144 306 40
144 275 30
144 215 80
144 152 59
144 285 9
144 318 36
144 159 18
145 258 64
145 324 67
145 325 41
145 277 77
145 266 11
145 268 17
145 239 69
145 338 17
145 192 1
146 261 85
146 264 54
146 175 69
146 307 80
146 151 25
146 186 72
147 163 37
147 324 78
147 262 49
147 265 69
147 171 81
147 182 8
147 256 36
147 266 47
147 318 92
147 192 48
148 289 85
148 259 20
148 309 9
148 214 10
148 311 6
148 202 33
148 317 31
149 253 49
150 198 15
150 168 40
150 234 51
150 335 77
150 340 71
150 217 21
150 186 27
150 160 76
151 307 87
151 261 10
151 264 22
152 257 37
152 227 3
152 164 68
152 339 43
152 285 28
152 318 53
152 159 30
152 224 76
153 267 92
153 252 77
153 178 96
153 347 6
153 174 97
153 271 26
154 181 72
154 343 47
155 325 46
155 258 32
155 234 32
155 160 27
156 321 46
156 329 21
156 341 34
156 216 19
156 219 62
156 334 66
157 199 32
157 228 69
157 247 23
157 344 44
157 276 96
158 322 12
158 294 77
158 194 49
158 214 68
158 311 93
158 283 2
159 257 29
159 227 19
159 232 79
159 238 6
159 306 24
159 275 45
159 285 57
159 318 39
160 198 97
160 168 79
160 234 88
160 335 62
161 200 79
161 205 46
161 204 22
161 237 53
161 177 15
161 277 48
161 281 16
161 251 79
161 188 90
161 319 80
162 273 60
162 278 39
162 167 7
162 328 58
162 310 94
163 274 17
164 257 86
164 227 53
164 339 19
164 285 83
164 318 14
164 224 32
165 245 15
165 282 55
165 233 62
165 330 56
165 316 79
165 323 59
165 250 78
165 302 54
166 284 53
166 226 63
167 328 33
167 264 32
168 198 40
168 234 18
168 268 78
168 335 6
168 239 78
168 340 78
168 217 33
169 181 62
169 343 60
169 298 90
169 173 98
169 191 3
170 210 6
170 212 48
170 348 55
170 208 96
170 189 19
170 287 89
170 191 18
171 324 45
171 272 94
171 182 13
171 266 79
171 304 80
171 315 51
171 192 33
172 290 68
172 312 42
172 220 45
173 191 53
173 343 72
173 181 96
173 287 1
174 241 6
174 267 61
174 300 72
174 253 9
174 271 61
175 307 70
175 198 45
175 280 31
175 186 1
176 226 10
176 314 34
176 284 35
176 270 30
177 200 20
177 205 91
177 204 50
177 237 11
177 207 95
177 281 46
177 251 46
177 188 34
177 222 49
177 319 86
178 195 17
178 252 76
178 347 82
178 267 18
178 271 29
179 290 74
179 310 88
179 301 89
179 221 88
179 320 4
180 249 16
180 326 67
181 236 95
181 343 98
182 324 60
182 262 48
182 265 43
182 266 32
182 256 38
182 192 52
183 337 19
183 273 77
183 291 62
183 278 22
184 201 91
184 215 96
184 297 41
184 298 28
184 269 38
185 193 51
185 345 35
185 263 62
185 279 69
185 218 96
186 261 43
186 198 17
186 340 86
186 307 65
187 205 48
187 204 61
187 333 44
187 308 7
187 244 33
187 255 81
187 288 70
188 225 66
188 200 29
188 237 92
188 207 44
188 342 93
188 281 35
188 251 77
188 222 26
188 319 92
189 210 64
189 348 6
189 208 88
190 235 30
190 286 75
191 212 48
191 287 97
192 324 22
192 325 70
192 262 2
192 265 22
192 266 46
192 256 83
193 218 29
194 293 17
194 294 100
194 216 74
194 248 79
195 242 58
195 292 35
195 252 51
196 314 22
196 296 95
196 270 40
197 259 35
197 349 69
197 206 23
197 305 36
197 346 74
197 317 52
197 254 67
198 280 100
198 234 35
198 307 70
199 228 66
200 225 5
200 237 27
200 239 100
200 277 86
200 342 98
200 217 62
200 251 34
200 319 6
201 275 28
201 215 10
201 297 13
201 298 1
201 269 85
201 339 9
202 289 2
202 332 79
202 303 14
202 214 81
202 311 35
202 313 59
202 283 30
202 317 71
202 223 30
203 211 87
203 205 96
203 237 86
203 204 71
203 333 91
204 237 76
204 308 7
204 205 45
204 333 78
204 222 100
204 281 97
204 288 54
205 237 36
205 211 90
205 281 40
205 333 87
206 305 20
206 254 44
206 349 49
207 327 6
207 281 81
207 251 42
207 222 40
207 319 29
208 210 5
208 243 60
208 348 27
209 247 39
209 276 55
209 246 29
209 295 59
209 344 60
209 260 39
209 331 36
209 240 57
210 348 65
210 255 37
211 277 66
211 256 31
212 287 64
213 225 91
213 230 27
213 342 72
213 337 44
213 350 64
214 289 85
214 336 30
214 309 94
214 311 45
214 317 75
215 257 65
215 227 95
215 297 100
215 238 53
215 339 10
215 275 63
215 285 37
216 294 17
216 293 83
216 219 92
216 334 34
217 225 2
217 230 38
217 335 93
217 340 38
217 350 47
217 342 53
218 345 55
218 263 50
218 279 65
219 341 100
219 329 50
219 293 59
219 334 46
220 290 99
220 312 27
221 310 2
221 301 65
221 320 81
222 327 2
222 308 3
222 248 43
222 281 61
223 289 19
223 322 11
223 326 96
223 332 37
223 303 21
223 283 86
224 257 87
224 339 38
224 285 86
225 230 1
225 340 8
225 342 94
225 251 1
225 350 71
225 319 25
226 272 8
226 284 93
226 315 81
226 270 5
227 257 76
227 238 17
227 306 40
227 339 48
227 275 79
227 285 70
227 318 37
229 241 83
229 291 24
230 337 91
230 340 10
230 342 19
230 251 66
230 350 31
231 236 56
232 306 62
232 275 8
232 238 29
233 276 52
233 245 17
233 302 31
233 247 83
233 344 41
233 250 43
233 240 29
234 335 1
235 286 13
236 343 70
236 279 56
236 345 80
237 277 22
237 281 52
237 319 39
238 257 93
238 306 65
238 275 74
239 325 69
239 268 75
239 335 36
239 338 29
239 277 64
240 305 54
240 295 1
240 331 18
240 302 13
240 276 27
240 245 18
240 246 84
240 250 36
241 321 35
241 341 17
241 329 83
241 300 79
242 292 3
242 252 69
243 259 87
243 244 72
243 309 7
243 346 66
243 348 65
243 255 15
244 333 68
244 336 79
244 308 80
244 255 71
244 288 55
245 323 37
245 302 45
245 247 74
245 250 66
245 330 67
246 305 52
246 295 58
246 331 87
246 313 44
247 276 8
247 344 99
248 327 53
248 336 60
248 308 15
249 326 56
249 332 65
250 323 63
250 302 42
250 330 42
251 342 19
251 281 21
251 319 63
252 347 93
253 300 82
253 271 18
254 259 78
254 346 88
254 349 47
255 336 14
255 308 92
255 348 81
255 288 82
256 324 72
256 262 44
256 265 92
256 266 14
256 318 62
257 275 81
257 339 38
257 285 19
257 318 32
258 324 40
258 325 19
258 268 42
258 338 74
259 309 98
259 346 20
259 317 57
260 276 52
260 331 4
260 303 57
261 264 94
261 307 16
262 324 95
262 265 36
262 266 78
262 318 30
263 345 45
263 279 94
264 307 36
265 324 18
265 266 81
265 318 16
266 324 88
266 325 22
267 321 51
267 329 95
267 347 91
267 271 5
268 325 4
268 335 72
268 338 79
268 277 65
269 297 2
269 298 64
270 314 62
271 300 47
272 284 98
272 315 43
272 304 71
273 291 43
273 278 74
274 304 34
275 297 96
275 285 80
275 306 31
275 339 19
276 331 84
276 344 16
277 338 36
278 291 42
279 345 73
280 307 10
281 327 46
281 308 69
281 319 98
282 323 100
282 330 48
282 316 18
282 302 10
283 322 14
283 326 59
283 332 41
283 289 87
283 311 83
285 339 82
285 318 63
288 333 100
289 332 38
289 303 66
289 313 8
289 309 10
289 311 68
289 317 35
290 312 83
293 294 70
293 334 35
293 347 51
295 331 51
295 302 79
295 305 30
297 339 30
299 349 93
301 320 7
302 323 63
302 330 53
302 305 39
302 316 61
303 326 55
303 313 48
303 332 36
304 315 97
305 323 65
308 327 84
308 333 17
308 336 75
309 311 50
309 346 28
309 317 76
310 328 58
311 313 52
311 317 9
313 317 57
314 315 39
316 323 44
316 330 73
317 346 22
319 342 23
321 341 70
321 329 96
321 334 83
322 326 37
322 332 42
323 330 94
324 325 37
325 338 20
326 332 25
329 341 54
329 334 48
334 341 29
335 338 23
335 340 50
337 342 2
337 350 91
340 342 1
340 350 28
342 350 24
10
1
1
1 2
1 2 3
1 2 3 4 5 6
1 2 3 4 5 6 7 8 9 10 11
1 2 3 4 5 6 7 8 9 10 11 12 13 14 15 16 17 18 19 20 21 22
1 2 3 4 5 6 7 8 9 10 11 12 13 14 15 16 17 18 19 20 21 22 23 24 25 26 27 28 29 30 31 32 33 34 35 36 37 38 39 40 41 42 43 44
1 2 3 4 5 6 7 8 9 10 11 12 13 14 15 16 17 18 19 20 21 22 23 24 25 26 27 28 29 30 31 32 33 34 35 36 37 38 39 40 41 42 43 44 45 46 47 48 49 50 51 52 53 54 55 56 57 58 59 60 61 62 63 64 65 66 67 68 69 70 71 72 73 74 75 76 77 78 79 80 81 82 83 84 85 86 87 88
1 2 3 4 5 6 7 8 9 10 11 12 13 14 15 16 17 18 19 20 21 22 23 24 25 26 27 28 29 30 31 32 33 34 35 36 37 38 39 40 41 42 43 44 45 46 47 48 49 50 51 52 53 54 55 56 57 58 59 60 61 62 63 64 65 66 67 68 69 70 71 72 73 74 75 76 77 78 79 80 81 82 83 84 85 86 87 88 89 90 91 92 93 94 95 96 97 98 99 100 101 102 103 104 105 106 107 108 109 110 111 112 113 114 115 116 117 118 119 120 121 122 123 124 125 126 127 128 129 130 131 132 133 134 135 136 137 138 139 140 141 142 143 144 145 146 147 148 149 150 151 152 153 154 155 156 157 158 159 160 161 162 163 164 165 166 167 168 169 170 171 172 173 174 175
