912
1 2 51
1 99 73
1 39 86
1 24 20
1 171 43
1 172 4
1 66 31
1 51 34
1 175 45
1 158 45
2 66 1
2 99 45
2 39 19
2 130 50
2 172 100
2 175 63
2 158 55
2 51 33
2 24 21
2 153 55
2 123 86
2 29 42
2 59 34
3 98 18
3 195 52
3 70 53
3 7 48
3 40 24
3 147 84
3 150 24
3 87 58
3 122 84
3 155 61
3 95 51
3 32 26
4 90 15
5 65 100
5 69 87
5 104 40
5 139 28
5 110 46
5 82 57
5 191 46
5 88 6
5 121 39
5 60 29
5 93 23
5 127 64
6 177 40
6 137 84
6 143 70
6 31 44
6 64 76
6 25 22
6 58 48
6 188 75
6 77 4
6 63 6
6 128 10
7 98 78
7 68 9
7 70 49
7 42 65
7 14 5
7 195 56
7 112 57
7 35 52
7 150 54
7 87 29
7 91 68
7 124 23
7 155 2
7 95 83
7 32 31
8 65 43
8 132 13
8 38 80
8 71 44
8 200 17
8 169 14
8 75 13
8 102 1
8 144 45
8 27 63
8 93 16
8 160 89
9 35 17
9 194 98
9 83 42
9 20 50
9 149 76
9 17 75
9 50 44
9 68 14
9 141 17
9 179 97
9 94 92
10 75 93
10 38 90
10 199 41
11 66 86
11 34 73
11 86 47
11 24 84
11 171 52
11 152 74
11 175 92
11 22 10
12 161 17
12 133 74
12 196 20
12 101 85
12 105 56
12 143 85
12 48 22
12 190 10
12 36 88
12 181 24
12 37 25
12 156 83
12 30 82
12 64 15
13 108 45
13 49 100
13 52 70
13 148 68
13 119 87
13 183 81
13 28 14
13 80 18
14 147 64
14 150 37
14 155 42
14 42 91
14 122 26
14 91 79
14 87 13
14 62 17
14 32 49
15 89 73
15 90 54
15 107 26
15 197 79
16 170 49
16 76 22
16 47 54
17 20 67
17 50 71
17 83 57
17 68 1
17 141 62
17 35 70
17 94 93
18 54 79
18 85 55
18 38 68
18 169 62
18 75 11
18 46 12
18 94 83
18 160 16
19 165 86
19 167 14
19 74 15
19 41 61
19 186 12
19 96 66
19 173 9
19 174 26
19 78 31
20 50 72
20 35 64
20 68 81
20 83 5
20 42 33
20 91 69
20 141 70
20 94 42
20 46 84
21 49 69
21 81 94
21 28 1
21 148 74
21 183 99
21 119 68
21 56 90
21 53 57
21 108 77
21 80 47
22 34 21
22 86 83
22 66 96
22 24 4
22 171 18
22 152 66
22 175 2
23 124 27
23 116 60
23 103 29
23 55 38
23 136 93
23 176 62
23 189 20
23 192 80
24 34 26
24 39 83
24 66 22
24 171 14
24 172 15
24 158 79
24 175 76
25 117 38
25 100 27
25 135 74
25 77 44
25 143 21
25 177 96
25 115 51
25 36 50
25 181 36
25 58 76
25 188 55
25 31 93
25 64 90
26 113 43
26 41 98
26 157 52
26 167 96
26 138 9
26 73 68
26 61 38
26 43 43
26 140 70
26 125 19
26 79 99
27 132 69
27 118 32
27 71 68
27 169 36
27 154 17
27 75 6
27 184 15
27 160 43
27 200 23
27 54 19
28 49 34
28 81 75
28 148 68
28 119 84
28 183 77
28 56 99
28 53 26
28 108 2
28 80 4
29 129 30
29 172 25
29 198 43
29 103 90
29 162 24
29 130 5
29 97 21
29 136 79
29 158 42
29 51 35
29 116 84
29 55 79
29 153 37
29 59 2
29 39 2
29 123 65
29 192 16
30 161 97
30 33 67
30 133 93
30 36 40
30 101 27
30 105 82
30 143 61
30 48 30
30 196 29
30 37 78
30 156 97
30 64 33
31 177 42
31 164 2
31 143 79
31 64 89
31 137 94
31 128 29
31 188 13
31 77 96
31 63 25
32 98 1
32 195 40
32 70 19
32 155 7
32 147 77
32 150 23
32 87 99
32 122 19
32 91 52
32 62 21
32 95 100
33 105 95
33 196 82
33 101 6
33 168 91
33 137 79
33 133 39
33 48 27
34 66 29
34 152 97
34 171 30
34 175 72
34 86 58
35 194 45
35 179 87
35 149 10
35 68 67
35 141 30
35 112 9
36 181 22
36 135 78
36 133 56
36 156 62
36 37 77
36 143 45
36 64 58
37 161 11
37 133 12
37 181 2
37 105 58
37 101 83
37 156 94
37 190 11
38 132 60
38 54 31
38 199 1
38 169 29
38 75 83
38 160 65
39 97 21
39 198 29
39 66 100
39 130 88
39 172 28
39 175 67
39 158 48
39 116 76
39 153 67
39 59 76
39 123 83
40 122 63
40 147 76
40 62 62
40 120 40
41 167 29
41 138 90
41 43 71
41 140 51
41 173 76
41 79 75
41 61 60
41 113 84
41 125 38
41 157 56
41 126 28
42 155 67
42 91 84
42 94 25
43 113 50
43 108 64
43 148 73
43 73 5
43 61 33
43 140 67
43 79 19
43 81 54
43 52 6
43 56 94
43 125 80
44 146 41
44 69 65
44 182 73
44 104 91
44 139 68
44 110 57
44 191 99
45 182 68
45 163 84
45 166 98
45 146 85
45 142 15
45 128 88
46 85 4
46 159 18
46 94 37
46 111 82
47 49 23
47 183 55
47 170 63
47 80 88
47 76 74
48 137 53
48 196 18
48 101 11
48 168 88
48 105 51
48 133 43
49 108 63
49 148 62
49 119 79
49 56 59
49 183 29
49 80 51
50 83 56
50 187 52
50 94 37
51 129 33
51 99 25
51 134 96
51 162 19
51 153 94
51 106 22
51 72 54
51 172 100
52 73 70
52 148 60
52 151 65
52 119 20
52 57 60
52 108 43
53 81 79
54 132 7
54 71 19
54 184 41
54 169 38
54 154 93
54 75 26
54 160 41
55 130 19
55 198 22
55 103 25
55 136 91
55 189 80
55 162 74
55 116 72
55 153 20
55 59 30
55 192 33
56 81 82
56 108 44
56 148 1
56 73 94
56 61 47
56 79 8
56 80 79
57 151 72
58 177 99
58 115 32
58 100 32
58 117 34
58 74 21
58 138 82
58 188 68
58 92 92
58 126 8
59 97 30
59 198 39
59 103 55
59 162 60
59 130 65
59 172 38
59 116 35
59 153 99
59 123 58
59 158 38
59 192 26
60 65 20
60 82 50
60 88 85
60 121 15
60 93 72
61 140 34
61 167 38
61 73 100
61 108 97
61 173 27
61 78 9
61 79 21
61 81 99
61 125 79
62 178 75
62 147 49
62 150 11
62 120 44
62 122 45
63 185 18
63 164 16
63 137 35
63 188 36
63 77 92
63 142 97
63 128 69
64 133 74
64 135 49
64 137 71
64 143 28
64 177 22
64 181 8
64 156 91
65 102 7
65 200 55
65 104 55
65 144 86
65 82 15
65 88 64
65 121 16
65 93 64
65 127 39
66 171 31
66 175 71
67 138 98
67 157 90
67 84 23
67 125 84
67 135 100
68 194 16
68 179 18
68 149 47
68 141 91
68 112 80
69 82 35
69 182 4
69 104 44
69 121 47
69 139 83
69 110 42
69 191 42
70 98 43
70 195 48
70 150 85
70 87 36
70 155 81
70 124 85
70 95 28
70 176 34
71 132 39
71 102 65
71 200 91
71 169 91
71 75 70
71 144 84
71 184 23
71 154 18
71 118 64
71 160 56
72 129 6
72 162 33
72 134 28
72 153 75
72 106 93
72 109 96
72 179 50
73 113 53
73 148 2
73 151 48
73 108 21
73 79 99
74 115 86
74 100 33
74 165 1
74 180 80
74 186 46
74 92 22
74 109 82
74 174 96
74 96 10
75 132 8
75 199 57
75 169 77
75 160 53
76 170 78
76 171 52
77 177 50
77 164 39
77 188 43
77 128 46
78 81 23
78 165 36
78 173 67
78 174 5
79 81 54
79 148 62
79 140 36
79 108 33
80 183 96
80 119 55
80 108 66
81 108 77
82 104 28
82 121 8
82 139 55
82 88 73
82 110 15
82 191 18
83 187 54
83 141 57
83 94 52
84 113 2
84 135 20
84 138 3
84 157 43
84 125 18
85 94 94
85 111 67
85 159 60
86 152 92
87 98 32
87 195 67
87 112 2
87 150 32
87 91 63
87 124 13
87 155 53
87 95 42
88 102 25
88 121 35
88 93 75
88 144 30
89 107 46
89 197 94
90 197 32
91 155 50
91 94 77
92 115 11
92 100 7
92 117 19
92 96 2
93 102 70
93 121 55
93 144 91
95 98 65
95 150 73
95 195 53
95 124 47
95 155 77
95 176 44
96 115 34
96 100 93
96 165 64
96 167 95
96 173 61
96 109 49
96 174 51
96 186 52
97 130 1
97 198 90
97 116 58
97 103 99
97 123 62
97 158 21
97 192 41
98 150 55
98 195 17
98 124 23
98 176 61
99 129 80
99 172 31
100 177 6
100 115 4
100 117 7
100 188 56
101 161 67
101 196 76
101 156 81
101 105 90
101 133 86
102 131 94
102 118 26
102 121 18
102 200 14
102 127 3
102 144 14
103 116 41
103 198 77
103 189 57
103 192 25
104 131 84
104 146 89
104 139 36
104 110 35
104 191 67
104 182 61
104 121 76
104 127 74
105 133 15
105 196 66
105 168 82
105 137 81
105 143 22
105 156 47
106 129 37
106 162 74
106 134 99
106 186 24
106 109 65
107 145 29
107 114 89
107 197 78
107 193 90
108 148 47
108 119 28
109 180 12
109 165 50
109 174 25
109 186 53
110 121 98
110 139 31
110 191 36
111 159 80
112 194 49
112 149 59
112 136 62
112 124 4
112 141 81
112 179 53
113 125 72
113 140 16
113 157 10
114 193 12
114 197 2
114 190 49
115 177 90
115 117 20
115 126 69
116 130 14
116 198 51
116 162 13
116 158 3
116 153 98
116 189 92
116 123 24
116 192 28
117 177 95
117 167 45
117 135 96
117 138 86
117 126 97
118 164 29
118 132 40
118 200 71
118 154 98
118 184 71
118 160 41
119 148 67
119 183 33
120 178 73
120 147 55
120 122 56
121 139 90
121 191 76
121 127 81
122 178 15
122 147 70
122 150 94
122 155 1
123 198 65
123 130 8
123 172 29
123 175 31
123 158 36
123 192 83
124 195 33
124 155 78
124 176 15
125 167 65
125 138 10
125 140 84
125 157 57
126 167 38
126 135 99
126 138 5
126 140 48
127 131 13
127 200 63
127 185 79
127 146 21
128 163 46
128 137 97
128 142 30
129 162 100
129 134 46
129 153 63
130 162 14
130 198 57
130 172 61
130 158 37
130 153 63
130 192 80
131 146 9
131 200 43
131 185 94
132 200 91
132 169 46
132 144 27
132 184 38
132 154 66
132 160 17
133 135 68
133 143 53
133 137 28
133 196 4
133 181 66
133 156 51
134 162 44
134 153 93
135 138 51
135 143 92
135 177 5
135 181 10
135 156 1
136 162 4
136 179 64
136 149 26
136 194 50
136 153 38
136 189 77
137 196 93
137 168 57
137 142 21
137 143 20
138 167 75
138 157 32
138 140 22
139 182 6
139 191 19
140 167 77
140 173 13
140 157 56
141 149 85
141 194 25
141 179 94
142 163 70
142 166 7
142 168 90
143 177 75
143 181 91
143 156 80
144 200 36
145 193 57
145 197 27
146 182 90
146 185 27
146 163 100
147 178 23
147 150 66
147 155 97
149 194 89
149 179 84
150 195 61
150 155 86
152 170 54
153 162 25
153 172 73
153 158 100
153 192 41
154 184 73
154 169 83
154 160 70
154 187 69
156 161 50
156 190 97
156 181 7
158 198 82
158 172 9
158 175 83
158 192 70
160 169 39
160 184 55
161 193 61
161 190 86
162 192 6
163 166 74
163 182 38
164 185 22
165 173 60
165 167 21
165 186 94
165 174 96
166 168 74
167 173 82
167 174 54
168 196 73
169 199 20
169 184 74
171 175 34
172 175 45
173 174 53
174 186 91
176 195 75
176 189 14
177 181 33
177 188 14
179 194 24
180 186 97
180 187 41
182 191 12
184 187 51
185 200 20
189 192 59
192 198 57
10
1
1
1
1 2
1 2 3 4
1 2 3 4 5 6 7
1 2 3 4 5 6 7 8 9 10 11 12 13
1 2 3 4 5 6 7 8 9 10 11 12 13 14 15 16 17 18 19 20 21 22 23 24 25
1 2 3 4 5 6 7 8 9 10 11 12 13 14 15 16 17 18 19 20 21 22 23 24 25 26 27 28 29 30 31 32 33 34 35 36 37 38 39 40 41 42 43 44 45 46 47 48 49 50
1 2 3 4 5 6 7 8 9 10 11 12 13 14 15 16 17 18 19 20 21 22 23 24 25 26 27 28 29 30 31 32 33 34 35 36 37 38 39 40 41 42 43 44 45 46 47 48 49 50 51 52 53 54 55 56 57 58 59 60 61 62 63 64 65 66 67 68 69 70 71 72 73 74 75 76 77 78 79 80 81 82 83 84 85 86 87 88 89 90 91 92 93 94 95 96 97 98 99 100
