2814
1 114 69
1 156 41
1 165 67
1 231 55
1 407 48
1 408 17
1 140 69
2 209 88
2 100 14
2 35 94
2 116 98
2 70 78
2 264 32
2 121 25
2 42 12
2 187 17
2 30 42
3 449 16
3 163 19
3 197 100
3 334 51
3 112 64
4 444 4
4 207 59
4 472 31
4 106 24
4 138 84
4 424 26
4 142 96
4 31 42
5 127 37
5 229 91
5 488 49
5 302 96
5 304 38
5 242 88
5 307 39
5 54 64
5 378 4
5 284 72
5 222 37
5 255 28
6 121 63
6 493 72
6 270 40
6 30 46
7 356 61
7 244 43
7 220 68
7 472 17
7 138 20
7 444 81
8 198 16
8 391 39
8 332 74
8 173 9
8 398 85
8 271 9
8 110 37
8 338 70
8 276 2
8 85 15
8 90 81
8 124 86
8 93 71
8 262 97
9 241 72
9 195 83
9 484 74
9 279 4
9 89 44
9 291 61
9 268 46
9 126 38
9 175 64
9 176 70
10 387 60
10 166 66
10 457 91
10 280 63
10 499 93
10 82 55
10 115 91
10 341 97
10 86 66
10 184 65
10 474 94
10 252 71
10 221 96
11 129 18
11 210 8
11 64 64
11 459 5
11 78 29
11 274 91
11 340 67
11 438 62
11 312 49
11 32 84
11 382 33
11 192 55
12 217 8
12 131 79
12 125 29
12 111 62
12 104 56
13 437 42
13 293 96
14 412 89
14 326 26
14 394 70
14 15 27
14 301 9
14 271 18
14 85 87
14 303 86
14 216 87
14 473 29
14 124 54
14 223 9
15 375 71
15 326 79
15 394 85
15 301 2
15 303 51
15 352 47
15 471 10
15 216 7
15 473 72
15 219 67
15 412 57
15 461 92
15 223 21
15 128 13
16 201 33
16 67 10
16 485 45
16 246 88
16 215 76
16 377 25
16 362 1
16 445 58
16 447 25
17 321 31
17 354 32
17 259 4
17 360 89
17 297 24
17 427 63
17 76 47
17 431 19
17 498 56
17 83 81
17 214 63
17 377 14
17 186 63
17 445 82
18 369 69
18 258 50
18 388 35
18 373 55
18 39 6
18 353 50
18 290 95
18 59 95
18 456 60
18 20 67
19 81 28
19 142 16
19 404 35
19 263 11
19 424 74
19 282 19
19 160 10
19 158 86
19 207 32
19 336 2
20 290 47
20 388 16
20 39 75
20 249 47
20 333 80
20 59 87
20 349 65
20 48 60
21 226 58
21 356 14
21 421 98
21 164 87
21 244 16
21 442 91
21 363 77
21 220 53
21 256 22
22 322 32
22 293 50
22 390 64
22 199 99
22 98 21
22 204 52
22 237 100
22 430 29
22 384 25
22 437 74
22 92 80
22 448 60
23 482 57
23 396 21
23 406 23
23 361 34
23 450 20
23 425 15
23 314 75
23 364 79
23 436 42
24 418 6
24 84 51
24 358 59
24 308 69
24 336 2
24 191 20
24 31 28
24 160 76
25 69 59
25 273 23
25 99 52
25 492 43
25 165 20
25 407 14
25 232 39
25 298 60
25 140 55
25 113 84
25 433 76
25 114 69
25 243 41
25 117 50
25 408 5
25 343 43
25 344 61
25 122 10
25 380 28
25 157 33
26 259 78
26 485 34
26 278 53
26 360 95
26 297 58
26 477 2
26 347 4
26 445 1
26 475 40
27 108 50
27 402 13
27 467 75
27 44 14
27 52 37
27 40 34
27 41 56
27 299 62
27 236 81
27 256 91
28 497 79
28 306 9
28 436 20
28 468 76
28 265 61
28 314 55
28 350 38
29 385 40
29 102 21
29 167 49
29 397 45
29 107 79
29 205 86
29 240 46
29 178 98
29 213 21
29 490 96
29 309 43
29 123 62
29 368 63
29 285 70
30 100 21
30 264 51
30 121 83
30 42 61
30 187 83
30 270 33
31 106 31
31 191 38
31 138 72
31 441 5
31 308 20
31 336 31
31 142 69
31 207 48
31 96 80
32 129 40
32 274 67
32 312 53
32 143 53
32 210 9
32 438 2
32 151 41
32 376 73
32 60 4
32 459 16
32 95 96
33 325 87
33 213 34
33 309 2
33 74 5
33 285 80
33 351 17
33 240 99
34 225 99
34 49 12
34 172 14
34 37 69
34 162 22
34 234 72
34 136 63
34 238 69
34 335 63
34 494 61
34 401 68
34 403 17
34 292 71
34 253 15
34 479 68
35 209 37
35 116 72
35 372 26
35 42 94
35 270 24
36 241 72
36 291 25
36 405 73
36 463 10
36 89 29
36 205 95
36 107 100
36 397 27
36 414 53
36 79 31
37 225 14
37 162 59
37 292 49
37 49 30
37 234 38
37 136 93
37 494 98
37 335 65
37 401 55
37 403 49
37 172 96
37 253 84
37 479 65
38 481 67
38 417 91
38 420 86
38 134 15
38 265 87
38 161 76
38 173 75
38 398 23
38 399 33
38 80 15
38 276 64
38 315 9
38 188 66
39 59 93
39 249 8
39 349 56
39 251 26
39 288 29
39 333 81
39 388 6
39 48 56
39 500 14
40 467 71
40 196 67
40 279 75
40 392 58
40 41 56
40 299 39
40 236 15
40 208 24
41 196 60
41 392 88
41 299 57
41 44 29
41 208 59
41 402 84
41 52 58
41 300 19
41 220 56
41 256 57
42 209 63
42 100 9
42 119 33
42 372 11
42 270 96
43 195 8
43 260 33
43 422 30
43 411 93
43 62 52
43 175 94
43 484 1
44 369 10
44 402 66
44 52 2
44 226 86
44 108 75
44 286 97
44 159 42
44 256 64
45 322 55
45 451 36
45 390 100
45 199 63
45 98 94
45 237 66
45 462 67
45 419 57
45 466 71
45 410 67
45 92 52
45 415 40
45 384 76
46 329 60
46 266 26
46 277 7
46 486 8
46 318 6
47 339 97
47 325 50
47 169 1
47 74 5
47 206 71
47 351 9
48 249 95
48 333 95
48 251 61
48 349 30
48 288 37
49 225 89
49 292 78
49 71 11
49 136 99
49 234 44
49 494 96
49 439 86
49 248 55
49 281 96
49 58 92
49 416 40
50 289 31
50 386 55
50 101 84
50 311 9
50 394 27
50 120 30
50 269 12
50 254 44
50 375 4
50 216 69
50 443 62
50 412 10
50 461 81
50 446 86
51 353 23
51 290 71
51 388 58
51 258 65
51 108 20
51 286 58
51 369 35
51 283 93
51 211 11
51 373 93
51 379 84
51 59 27
52 369 82
52 226 99
52 353 52
52 402 31
52 233 36
52 286 16
52 159 7
52 256 59
53 193 86
53 316 31
53 358 70
53 72 25
53 457 21
53 395 31
53 184 12
53 371 38
53 499 29
53 115 43
53 341 66
53 310 50
53 440 65
53 252 42
53 221 46
53 478 92
54 307 64
54 311 85
54 453 60
54 255 100
54 327 22
54 229 98
54 488 59
54 446 62
54 127 69
54 302 6
55 217 41
55 125 92
55 189 73
55 230 73
55 296 23
56 210 96
56 60 54
56 454 18
56 168 28
56 345 35
56 141 88
56 75 46
56 376 27
56 365 60
56 367 89
57 66 47
57 68 37
57 331 23
57 76 57
57 77 99
57 465 22
57 146 22
57 212 89
57 182 54
57 153 68
57 378 58
57 235 55
57 374 22
58 261 18
58 335 25
58 247 28
58 440 55
58 281 19
58 250 57
58 381 89
58 478 13
58 287 8
58 416 23
59 353 2
59 258 38
59 388 78
59 286 28
59 290 23
59 400 85
59 369 21
59 373 44
59 283 11
59 379 93
60 312 12
60 135 93
60 200 82
60 75 92
60 141 77
60 190 1
60 210 68
60 151 63
60 376 49
60 345 62
60 267 42
60 95 76
61 354 43
61 135 65
61 66 44
61 267 1
61 76 93
61 431 36
61 496 94
61 498 6
61 83 58
61 214 64
61 153 79
61 144 84
61 331 39
61 190 43
61 200 3
61 427 79
62 467 61
62 195 40
62 484 97
62 63 85
62 279 37
62 260 43
62 299 4
62 175 3
62 422 48
63 257 31
63 194 35
63 467 85
63 228 25
63 87 49
63 236 94
63 458 48
63 299 55
63 108 26
64 129 7
64 274 82
64 340 58
64 91 25
64 438 12
64 443 8
64 78 42
64 382 8
65 337 65
65 355 70
65 229 2
65 359 88
65 465 12
65 242 99
65 212 100
65 183 75
65 346 77
65 155 13
65 284 61
65 222 92
66 68 24
66 135 86
66 200 85
66 331 93
66 76 51
66 77 45
66 143 39
66 496 3
66 146 89
66 83 28
66 374 55
66 153 3
66 144 99
66 190 39
66 95 95
66 214 20
67 321 83
67 377 94
67 132 10
67 295 90
67 137 98
67 177 84
67 201 88
67 246 100
67 215 50
67 313 88
67 447 78
67 470 38
68 331 39
68 76 86
68 77 95
68 143 1
68 144 27
68 146 39
68 214 45
68 378 80
68 153 41
68 496 21
68 95 20
68 374 33
69 433 32
69 99 54
69 357 17
69 166 49
69 232 72
69 298 27
69 273 31
69 113 69
69 245 85
69 330 65
69 117 71
69 157 5
70 100 59
70 264 63
70 130 65
70 139 3
70 400 56
70 305 66
70 116 24
70 500 4
70 469 98
70 121 2
70 187 1
70 317 1
71 426 58
71 439 13
71 454 64
71 263 17
71 248 43
71 281 91
71 234 4
71 494 20
71 367 3
71 416 71
72 193 76
72 323 78
72 261 19
72 105 56
72 395 24
72 88 88
72 434 13
72 371 94
72 342 35
72 440 17
72 218 4
72 381 100
72 478 37
72 310 72
73 417 85
73 145 74
73 198 94
73 188 94
73 453 10
73 134 73
73 488 55
73 420 99
73 304 54
73 398 13
73 464 47
74 325 69
74 309 90
74 285 49
74 351 60
74 240 13
75 404 92
75 345 41
75 365 60
75 210 41
75 376 38
75 141 10
75 168 10
76 259 96
76 135 29
76 200 14
76 146 2
76 427 20
76 431 9
76 496 78
76 498 13
76 83 27
76 214 22
76 186 34
76 153 19
76 144 31
76 331 52
76 278 43
77 331 38
77 302 33
77 143 33
77 144 27
77 153 19
77 307 50
77 374 77
77 378 88
77 95 46
78 129 66
78 274 33
78 244 84
78 438 10
78 442 1
78 91 55
79 241 3
79 291 74
79 149 100
79 89 4
79 435 21
79 463 30
79 176 46
80 481 66
80 417 50
80 355 70
80 420 47
80 489 87
80 161 26
80 495 6
80 145 5
80 118 30
80 399 62
80 315 4
80 383 35
81 142 15
81 426 18
81 404 42
81 263 36
81 424 1
81 282 83
81 158 26
81 367 60
81 160 54
82 273 51
82 294 33
82 171 89
82 113 69
82 499 2
82 84 38
82 280 98
82 474 94
82 252 16
82 221 61
82 330 42
82 96 7
83 321 36
83 135 71
83 200 38
83 331 33
83 354 69
83 431 94
83 496 4
83 498 39
83 214 64
83 153 26
83 186 78
83 267 40
83 144 10
83 190 11
83 427 79
84 316 39
84 457 37
84 171 27
84 115 71
84 499 62
84 308 90
84 184 41
84 474 98
84 252 13
84 221 29
84 191 28
84 96 93
85 412 66
85 453 26
85 326 32
85 391 63
85 394 23
85 271 8
85 464 16
85 303 44
85 216 3
85 473 37
85 124 12
85 198 82
86 387 16
86 460 38
86 487 38
86 457 45
86 184 12
86 393 83
86 275 43
86 180 43
86 341 42
86 280 88
86 181 55
86 348 62
86 224 4
87 257 8
87 194 37
87 211 63
87 228 3
87 121 48
87 458 44
87 283 14
87 317 24
87 139 41
88 193 20
88 323 88
88 310 6
88 487 74
88 105 87
88 395 74
88 275 54
88 180 41
88 341 76
88 342 47
88 348 87
88 224 23
89 291 34
89 490 85
89 107 3
89 268 71
89 205 86
89 176 15
89 241 46
89 213 73
89 126 14
90 338 36
90 276 60
90 262 66
90 134 91
90 391 81
90 173 76
90 398 37
90 198 7
91 442 49
91 244 6
92 322 58
92 419 60
92 390 7
92 199 86
92 98 8
92 237 57
92 430 7
92 462 100
92 410 59
92 415 39
92 384 44
93 227 82
93 262 26
93 332 67
93 109 46
93 110 5
93 271 83
93 338 83
93 486 31
93 124 27
93 413 88
93 318 4
93 480 39
94 324 76
94 389 94
94 463 45
94 196 40
94 392 94
94 491 98
94 268 78
94 452 86
95 459 26
95 135 62
95 331 37
95 143 40
95 144 49
95 374 86
95 151 38
95 312 76
95 153 74
95 190 81
96 441 72
96 191 86
96 474 67
96 409 71
96 330 24
96 171 2
96 272 63
96 294 24
97 181 67
97 370 52
97 357 82
97 245 42
97 166 64
97 152 30
97 197 34
97 203 72
97 334 100
97 319 98
97 320 64
98 322 39
98 419 80
98 390 75
98 199 21
98 237 5
98 462 8
98 430 99
98 415 95
98 384 35
99 357 70
99 166 54
99 232 11
99 298 26
99 140 65
99 334 21
99 433 50
99 245 88
99 197 55
99 407 43
99 408 58
99 117 76
99 156 57
99 152 76
100 116 48
100 187 77
100 264 24
100 121 49
100 139 41
100 317 25
101 289 28
101 386 60
101 164 91
101 421 67
101 394 36
101 363 42
101 269 36
101 382 25
101 340 41
101 375 35
101 120 25
101 443 39
101 412 44
101 461 53
101 254 92
102 385 66
102 167 39
102 309 27
102 205 6
102 107 80
102 397 43
102 368 81
102 178 11
102 405 67
102 285 40
102 490 91
102 213 58
102 123 14
102 240 91
103 147 7
103 148 69
103 422 21
103 410 71
103 170 51
103 451 6
104 125 62
104 131 79
104 296 82
104 217 80
104 154 73
104 413 6
104 189 41
104 111 83
105 193 73
105 323 53
105 261 69
105 395 56
105 434 99
105 371 54
105 342 64
105 218 96
105 478 62
105 310 13
106 409 28
106 191 34
106 441 71
106 138 57
107 385 66
107 291 39
107 167 77
107 397 6
107 405 2
107 205 52
107 368 71
107 178 56
107 213 72
107 490 23
107 309 83
107 123 40
107 240 92
107 285 92
108 236 9
108 458 71
108 211 38
108 286 100
108 369 78
108 402 37
108 373 36
108 283 49
109 227 35
109 230 54
109 296 32
109 332 84
109 110 37
109 486 12
109 154 71
109 480 62
109 413 99
109 318 25
109 262 74
110 227 73
110 262 32
110 486 69
110 329 93
110 332 79
110 271 6
110 124 15
110 413 1
110 318 29
110 480 93
111 125 49
111 131 57
111 296 70
111 154 11
111 189 64
111 217 56
112 449 74
112 163 58
113 166 12
113 232 24
113 298 55
113 272 56
113 273 24
113 243 27
113 117 28
113 343 16
113 344 12
113 122 4
113 380 59
113 157 32
113 414 57
113 330 62
113 294 85
114 140 23
114 165 91
114 343 5
114 231 39
114 232 53
114 298 21
114 492 83
114 429 38
114 432 28
114 178 97
114 407 63
114 408 63
114 397 15
114 380 7
115 474 44
115 252 88
115 457 18
115 184 94
115 499 59
115 310 48
115 280 66
115 341 42
115 348 45
115 316 6
115 221 64
116 305 12
116 469 85
116 130 69
116 187 27
116 264 40
117 433 83
117 357 23
117 166 94
117 232 85
117 298 64
117 140 78
117 152 93
117 273 86
117 243 96
117 245 5
117 408 96
117 157 1
117 330 26
118 481 81
118 161 71
118 495 12
118 489 82
118 315 86
118 399 64
119 209 100
119 372 78
119 204 84
119 493 31
119 270 4
119 448 96
120 289 12
120 386 31
120 375 2
120 254 71
120 269 9
120 129 85
120 461 76
120 382 27
120 340 68
120 311 29
120 443 39
120 446 30
120 192 61
121 257 91
121 264 28
121 187 89
121 317 53
121 139 94
122 273 42
122 492 64
122 294 41
122 298 44
122 140 89
122 272 89
122 243 76
122 405 76
122 343 45
122 344 52
122 380 30
122 157 4
122 414 42
123 385 79
123 178 7
123 231 90
123 397 41
123 368 29
123 429 78
123 167 14
123 432 81
124 326 61
124 391 8
124 332 21
124 271 74
124 338 45
124 303 5
124 473 62
124 262 12
125 131 57
125 296 7
125 217 93
125 189 17
126 241 18
126 195 46
126 484 35
126 490 66
126 268 24
126 205 28
126 291 15
126 176 63
127 307 14
127 327 94
127 311 53
127 488 44
127 446 39
127 192 46
127 453 90
127 302 65
127 255 74
128 353 39
128 290 36
128 456 16
128 233 28
128 301 52
128 303 81
128 471 64
128 219 39
128 258 13
128 223 91
128 352 68
129 459 83
129 274 98
129 210 22
129 340 15
129 438 53
129 443 88
129 382 17
129 192 71
130 305 78
130 500 90
130 469 70
131 217 15
132 321 40
132 354 33
132 295 83
132 201 33
132 267 42
132 177 92
132 377 37
132 470 48
132 215 46
132 313 32
132 447 63
132 246 24
133 179 66
133 423 38
133 362 14
133 428 64
133 174 60
133 239 52
133 366 8
134 417 70
134 420 87
134 391 5
134 173 12
134 398 51
134 464 31
134 304 77
134 276 32
134 188 37
135 200 77
135 331 2
135 354 1
135 431 75
135 496 2
135 214 55
135 151 80
135 153 21
135 267 52
135 144 91
135 190 3
135 374 43
136 225 33
136 292 56
136 295 4
136 455 12
136 137 29
136 234 2
136 172 28
136 494 16
136 401 13
137 150 79
137 292 94
137 246 92
137 295 99
137 313 40
137 455 47
137 172 66
137 447 6
137 470 8
138 207 2
138 472 99
138 444 84
138 142 4
139 264 4
139 400 58
139 305 76
139 211 37
139 500 13
139 187 99
139 379 78
139 317 42
139 283 98
140 165 89
140 407 9
140 231 38
140 232 50
140 298 16
140 492 5
140 429 38
140 432 69
140 433 69
140 243 73
140 343 99
140 408 15
140 380 15
140 157 26
141 367 66
141 376 40
141 454 64
141 328 98
141 345 91
141 426 81
141 365 75
141 168 73
142 424 84
142 207 40
142 336 32
142 308 3
142 191 95
142 282 4
142 444 75
142 158 40
142 160 33
143 459 12
143 331 14
143 144 74
143 374 16
143 151 58
143 312 61
143 153 98
143 378 3
143 190 52
144 200 66
144 331 87
144 496 66
144 374 35
144 151 25
144 431 72
144 153 7
144 190 20
144 214 35
145 161 22
145 417 79
145 355 26
145 420 35
145 489 81
145 495 95
145 242 68
145 304 54
145 188 26
145 222 54
145 383 68
146 182 62
146 202 10
146 331 24
146 496 79
146 278 12
146 153 56
146 186 31
146 427 47
146 235 92
146 214 93
147 466 42
147 451 34
147 148 29
147 170 13
147 169 55
147 410 34
147 339 93
147 206 41
147 415 48
148 170 21
148 410 66
148 451 45
148 415 80
149 441 19
149 435 33
149 324 79
149 463 37
149 409 79
149 272 54
150 179 22
150 174 39
150 447 51
151 459 37
151 331 45
151 376 74
151 210 72
151 374 77
151 312 8
151 190 3
152 357 27
152 232 74
152 334 46
152 433 79
152 245 62
152 407 1
152 408 36
152 197 24
152 156 10
153 200 2
153 331 13
153 496 97
153 214 50
153 190 100
153 374 62
154 227 92
154 296 54
154 217 42
154 413 80
155 242 68
155 355 69
155 359 57
155 183 73
155 495 29
155 284 66
155 222 59
155 383 45
155 337 37
156 433 45
156 197 40
156 407 77
156 357 88
156 408 16
156 334 90
156 232 30
157 273 64
157 492 11
157 294 60
157 232 51
157 330 21
157 344 76
157 272 83
157 243 7
157 343 73
157 298 34
157 380 29
157 414 54
158 263 94
158 424 41
158 426 37
158 207 69
158 336 38
158 404 97
158 367 58
158 282 50
158 160 5
159 353 63
159 258 83
159 226 38
159 233 75
159 369 37
159 402 8
159 373 1
159 219 36
159 286 14
159 256 66
160 418 91
160 358 60
160 263 37
160 424 46
160 336 84
160 308 52
160 282 63
160 191 93
161 417 54
161 420 12
161 399 12
161 489 94
161 315 53
161 481 27
161 495 93
162 403 34
162 253 14
162 218 1
162 335 2
162 381 43
162 238 14
162 479 11
163 449 46
164 226 82
164 363 16
164 442 68
164 233 51
164 219 15
164 421 57
164 461 92
164 254 9
165 492 30
165 231 26
165 407 2
165 408 30
165 429 75
165 432 27
166 433 37
166 280 32
166 245 29
166 232 91
166 330 67
167 385 36
167 397 98
167 429 10
167 368 34
167 178 41
167 309 54
167 213 63
167 240 14
167 285 31
168 210 37
168 404 19
168 345 48
168 376 20
168 365 88
169 466 45
169 451 82
169 415 70
169 170 25
169 410 71
169 206 16
169 339 15
169 462 7
170 466 68
170 451 31
170 410 3
170 339 95
170 206 53
170 415 31
171 273 8
171 474 18
171 294 57
171 280 25
171 441 69
171 330 63
171 272 9
171 221 37
172 225 17
172 401 47
172 292 11
172 455 47
172 295 98
172 234 38
172 494 37
173 338 81
173 276 26
173 262 29
173 391 96
173 398 13
173 198 11
174 179 40
174 423 87
174 362 10
174 239 58
175 195 58
175 260 65
175 422 40
175 279 51
175 484 56
176 241 97
176 195 39
176 484 50
176 490 9
176 268 58
176 205 14
176 291 15
177 321 13
177 354 43
177 455 84
177 295 97
177 201 20
177 377 96
177 246 80
177 215 68
177 313 29
177 447 89
177 470 11
178 385 90
178 231 40
178 429 98
178 397 79
178 432 51
178 405 15
178 368 40
179 423 33
179 362 60
179 239 14
180 387 52
180 487 90
180 393 2
180 460 78
180 224 54
180 275 31
180 341 74
180 342 98
180 348 16
180 310 67
181 393 46
181 387 64
181 245 90
181 370 74
181 185 57
181 203 46
181 460 46
181 319 58
181 320 23
182 465 73
182 212 1
182 183 2
182 202 28
182 346 92
182 235 85
182 476 31
183 465 36
183 284 91
183 229 98
183 359 5
183 337 47
183 212 96
183 346 20
183 378 73
183 476 94
183 222 94
184 474 93
184 252 2
184 457 30
184 499 8
184 387 96
184 341 18
184 310 18
184 280 98
184 348 18
184 221 25
184 316 26
185 370 67
185 203 5
185 460 75
185 319 48
185 320 40
186 259 40
186 297 94
186 202 87
186 427 33
186 496 98
186 498 42
186 278 35
186 214 11
187 264 7
187 317 18
187 400 29
188 417 4
188 355 56
188 420 48
188 398 9
188 495 33
188 304 82
188 242 64
188 383 53
189 230 69
189 217 75
189 296 86
190 496 11
190 200 94
190 267 86
190 376 29
190 431 69
190 374 88
190 312 25
190 331 22
191 308 33
191 336 21
191 207 67
192 289 23
192 327 77
192 386 60
192 459 15
192 269 7
192 382 71
192 274 58
192 340 30
192 438 47
192 311 58
192 443 78
192 446 45
193 323 89
193 261 83
193 395 67
193 371 33
193 342 68
193 247 81
193 440 95
193 316 77
193 478 53
193 310 28
194 257 68
194 467 67
194 228 1
194 422 70
194 458 7
194 236 32
195 260 93
195 422 67
195 268 71
195 484 54
195 279 76
195 208 82
196 356 45
196 389 8
196 392 25
196 491 47
196 300 88
196 452 53
196 208 79
196 324 37
196 220 72
197 433 47
197 357 33
197 408 14
197 334 25
198 453 65
198 326 94
198 391 4
198 398 69
198 464 22
198 216 56
198 473 85
199 419 87
199 390 64
199 322 7
199 237 36
199 430 11
199 462 55
199 415 93
199 384 17
200 321 52
200 354 67
200 267 25
200 431 12
200 498 46
200 214 75
200 496 67
200 331 65
201 377 18
201 246 72
201 321 48
201 313 26
201 470 87
201 215 46
201 447 93
202 475 65
202 476 63
202 477 51
202 235 68
202 278 22
203 370 18
203 460 26
203 319 92
203 320 97
204 384 90
204 322 31
204 372 84
204 448 93
204 493 34
204 430 56
204 270 28
205 385 95
205 291 60
205 240 59
205 241 81
205 309 65
205 490 78
205 213 46
205 285 20
206 325 13
206 411 70
206 339 51
207 424 43
207 308 83
207 444 58
207 336 88
208 467 5
208 389 53
208 279 39
208 392 76
208 299 26
208 491 74
208 452 99
209 372 96
209 270 81
210 459 13
210 312 82
210 365 25
210 274 95
210 438 8
210 376 96
211 458 12
211 283 22
211 317 91
211 379 2
211 400 34
212 337 6
212 284 70
212 465 24
212 346 44
212 359 47
212 476 12
213 385 97
213 291 58
213 490 25
213 368 52
213 309 80
213 285 2
213 240 21
214 259 87
214 331 9
214 431 64
214 496 76
214 498 14
214 278 14
214 427 72
215 321 72
215 354 67
215 295 59
215 377 49
215 246 83
215 313 19
215 447 92
215 470 84
216 289 82
216 386 74
216 326 91
216 394 40
216 269 69
216 303 1
216 375 66
216 301 94
216 473 15
216 412 97
216 461 22
216 254 16
216 223 90
217 296 20
218 323 65
218 261 37
218 381 81
218 395 25
218 238 67
218 335 84
218 434 66
218 371 46
218 253 19
218 478 56
219 226 5
219 456 74
219 233 58
219 301 85
219 352 78
219 471 46
219 412 48
219 223 95
220 356 88
220 300 90
220 256 93
221 316 2
221 457 93
221 499 85
221 341 73
221 310 33
221 280 100
221 474 43
221 252 78
222 355 47
222 229 82
222 488 23
222 304 36
222 337 9
222 242 51
222 255 92
222 284 95
222 383 84
223 394 28
223 326 12
223 301 66
223 461 54
223 303 90
223 471 75
223 473 55
223 375 68
223 412 51
223 352 7
224 387 37
224 341 63
224 487 95
224 393 22
224 348 99
224 460 35
224 275 67
224 342 59
225 292 36
225 455 56
225 234 8
225 494 1
225 335 57
225 401 56
225 403 71
225 281 39
225 479 57
226 402 18
226 233 49
226 363 95
226 256 12
227 230 99
227 262 56
227 329 89
227 332 34
227 480 88
227 413 18
227 318 66
227 486 49
228 257 62
228 422 86
228 458 4
229 355 94
229 488 23
229 383 18
229 302 5
229 304 78
229 242 14
229 307 56
229 378 48
229 284 47
229 255 66
230 486 50
230 296 35
230 329 16
230 318 7
230 480 13
231 492 91
231 343 37
231 429 31
231 397 34
231 432 85
231 368 84
231 407 74
231 380 18
232 380 3
232 357 64
232 407 1
232 298 10
232 492 27
232 433 10
232 243 81
232 408 57
232 343 6
233 471 82
233 363 93
233 352 20
234 292 56
234 455 48
234 494 74
234 439 40
234 248 7
234 281 69
235 346 52
235 476 93
235 278 42
236 467 46
236 458 34
236 299 41
237 451 69
237 390 14
237 322 21
237 493 86
237 430 89
237 419 78
237 410 25
237 415 64
237 384 86
238 403 53
238 261 7
238 253 84
238 434 36
238 479 44
238 381 21
238 335 95
239 423 59
239 362 2
239 366 14
240 385 57
240 325 35
240 490 50
240 285 56
240 309 87
240 351 37
241 291 69
241 490 53
241 268 99
241 463 42
242 337 30
242 355 47
242 420 12
242 495 47
242 304 57
242 255 91
242 284 75
242 383 57
243 492 92
243 294 95
243 298 88
243 272 3
243 273 10
243 343 64
243 344 75
243 380 28
243 414 99
243 330 94
244 421 20
244 442 39
245 433 75
245 357 20
245 319 99
245 370 13
246 313 69
246 377 77
246 321 78
246 447 30
247 418 32
247 261 22
247 358 5
247 395 33
247 440 87
247 371 50
247 250 2
247 381 1
247 478 42
247 287 64
247 416 24
248 292 27
248 295 87
248 328 85
248 455 49
248 494 1
248 470 86
248 439 90
248 281 34
248 454 29
249 333 55
249 251 81
249 349 28
249 288 78
250 418 11
250 371 43
250 261 1
250 358 67
250 440 84
250 263 8
250 478 48
250 287 24
250 416 58
251 333 66
251 349 14
251 288 74
252 474 89
252 457 79
252 499 42
252 310 26
252 280 68
252 341 55
252 316 68
253 403 11
253 335 33
253 381 82
253 479 71
254 289 21
254 386 19
254 394 45
254 269 34
254 340 95
254 375 94
254 443 27
254 412 96
254 461 79
254 382 76
255 488 30
255 302 10
255 304 37
255 307 17
255 378 65
255 284 96
256 402 91
256 300 11
257 458 90
258 353 40
258 290 56
258 388 65
258 456 26
258 369 86
258 373 87
258 286 32
259 360 1
259 297 72
259 477 41
259 427 68
259 498 35
259 475 87
259 445 56
259 347 13
259 278 62
260 484 41
260 422 28
260 279 88
260 467 97
261 323 18
261 395 20
261 434 51
261 371 76
261 440 37
261 381 51
261 478 35
261 287 49
261 416 2
262 486 39
262 391 30
262 332 39
262 271 4
262 338 96
262 413 6
263 418 73
263 426 60
263 367 67
263 281 71
263 282 45
263 287 4
264 317 36
265 497 17
265 306 98
265 276 40
265 481 100
265 315 92
265 350 18
265 468 64
266 277 84
266 486 30
266 329 20
266 349 91
266 318 35
267 321 33
267 354 93
267 328 5
267 431 80
267 496 75
268 484 1
268 389 41
268 291 46
268 463 72
268 279 27
269 289 53
269 386 58
269 375 57
269 327 88
269 461 69
269 446 8
269 340 39
269 382 93
269 311 10
269 443 36
270 372 23
270 448 94
270 493 20
270 384 43
271 326 63
271 391 2
271 332 68
271 303 3
271 338 58
271 473 49
272 273 19
272 294 44
272 330 8
272 441 76
272 344 50
272 409 40
272 414 50
273 294 86
273 330 22
273 343 44
273 344 37
273 298 43
273 414 85
274 459 52
274 382 98
274 340 33
274 438 24
274 312 36
274 443 49
275 387 80
275 341 96
275 487 91
275 393 81
275 348 40
275 460 78
275 342 40
276 338 16
276 391 13
276 398 47
277 486 94
277 329 70
277 349 28
277 318 86
278 297 32
278 498 72
278 475 5
278 477 38
278 347 18
278 427 75
279 422 9
279 392 95
279 299 50
279 467 56
279 484 69
280 387 18
280 457 36
280 330 8
280 499 1
280 341 89
280 474 20
281 439 97
281 455 12
281 494 81
281 416 84
282 418 71
282 424 43
282 426 11
282 367 85
282 336 85
282 404 45
283 369 84
283 400 98
283 373 81
283 379 13
283 317 18
284 465 62
284 355 49
284 359 5
284 337 70
284 383 71
285 385 69
285 325 41
285 490 37
285 309 87
285 351 66
286 353 3
286 290 24
286 388 82
286 456 72
286 369 14
286 402 32
286 373 77
287 418 56
287 371 99
287 358 43
287 440 82
287 478 8
287 416 86
288 349 91
288 333 28
289 386 72
289 375 69
289 394 90
289 446 100
289 340 4
289 311 65
289 443 65
289 412 14
289 461 19
289 382 97
290 353 43
290 388 69
290 456 85
290 369 30
290 373 46
291 490 30
292 455 73
292 295 79
292 494 86
292 401 82
292 470 79
293 437 70
293 430 53
294 441 31
294 330 29
294 409 84
295 455 37
295 328 27
295 470 77
295 313 81
295 447 18
296 480 76
297 360 35
297 477 25
297 427 95
297 498 66
297 475 31
297 445 34
297 347 12
298 433 91
298 407 69
298 492 7
298 408 37
298 343 46
298 344 94
298 380 4
298 414 81
299 467 19
299 392 75
300 356 19
300 392 4
301 326 12
301 394 47
301 303 48
301 471 30
301 473 11
301 412 85
301 352 1
302 307 12
302 327 29
302 378 40
302 488 94
302 446 18
303 412 57
303 326 48
303 394 13
303 471 22
303 473 37
303 375 22
303 352 2
304 417 73
304 420 12
304 453 53
304 488 22
304 464 39
304 383 77
305 469 60
305 400 56
305 500 27
306 481 79
306 425 48
306 483 7
306 468 21
306 497 93
306 314 10
306 315 73
306 350 1
307 327 35
307 488 11
307 311 21
307 378 53
307 446 73
308 336 57
308 358 70
309 385 51
309 325 8
309 490 16
309 351 48
310 323 26
310 348 21
310 487 44
310 457 22
310 395 28
310 371 1
310 499 100
310 342 45
310 341 85
310 316 63
311 386 12
311 453 77
311 327 84
311 488 86
311 375 17
311 446 50
312 459 25
312 438 63
312 376 31
313 321 57
313 455 10
313 470 5
313 377 61
313 447 67
314 497 43
314 436 76
314 468 57
314 406 63
314 425 36
314 364 98
314 350 16
315 481 20
315 489 82
315 497 62
315 350 18
315 399 46
316 457 82
316 499 45
316 341 29
316 474 33
316 348 87
317 400 3
317 500 86
317 379 46
318 329 7
318 332 38
318 486 43
318 480 85
319 370 22
319 320 24
320 370 100
320 393 48
320 460 17
321 377 39
321 431 5
321 354 21
321 498 51
321 470 97
322 419 96
322 390 11
322 493 72
322 430 46
322 384 35
323 395 57
323 434 90
323 371 92
323 478 96
323 342 81
324 435 91
324 452 69
324 389 89
324 491 28
324 463 96
325 339 100
325 490 3
325 411 13
325 351 42
326 394 69
326 375 70
326 473 48
326 412 90
327 488 96
327 446 57
328 470 39
328 455 91
328 439 4
328 454 78
329 486 11
329 332 35
329 480 81
331 496 98
331 374 79
332 413 35
332 486 2
332 480 38
333 349 19
334 433 64
334 357 52
334 408 22
335 403 96
335 381 23
335 479 68
336 418 31
336 358 62
336 424 31
337 465 5
337 359 48
337 346 83
338 398 96
338 391 65
339 411 32
340 386 10
340 438 23
340 443 6
340 382 67
341 387 15
341 348 47
341 487 67
341 457 47
341 499 28
342 487 37
342 395 65
342 348 98
343 492 53
343 429 49
343 397 76
343 405 34
343 344 7
343 380 30
343 414 89
344 492 66
344 397 78
344 405 62
344 380 81
344 414 3
345 426 84
345 404 28
345 454 86
345 365 65
345 376 98
345 367 3
346 465 88
346 476 74
346 359 97
347 475 38
347 477 37
348 387 75
348 487 11
348 457 39
348 393 45
350 497 49
350 425 27
350 483 58
350 468 86
350 481 83
350 436 56
352 471 67
352 456 20
352 394 39
352 412 75
353 388 84
353 456 51
353 369 77
353 373 10
354 427 54
354 431 31
354 496 8
354 498 64
354 377 68
355 417 49
355 420 98
355 489 83
355 495 89
355 383 45
356 472 9
357 433 91
357 407 10
357 408 82
358 418 17
358 440 55
360 485 70
360 445 36
361 482 63
361 436 13
361 406 1
361 450 97
361 364 71
361 396 71
362 423 16
362 485 45
362 428 87
362 366 92
363 421 37
363 442 27
364 482 86
364 483 59
364 436 7
364 406 41
364 450 60
364 425 54
364 396 84
365 376 53
365 404 3
366 423 37
366 428 61
366 485 43
367 404 18
367 426 30
367 454 8
368 385 43
368 429 7
368 397 39
368 432 68
368 405 82
369 388 1
369 373 93
369 379 53
369 456 76
371 395 95
371 440 87
371 434 29
371 381 44
371 478 21
372 493 88
372 448 99
373 388 57
373 456 66
373 379 40
374 378 60
374 496 63
375 394 26
375 386 16
375 461 80
375 473 39
375 443 36
375 412 16
377 445 97
377 447 5
378 465 18
379 500 88
379 400 34
380 492 91
380 429 45
380 405 67
380 397 6
380 414 100
381 395 17
381 434 31
381 478 77
381 479 96
381 416 5
382 386 73
382 438 71
382 443 54
383 417 46
383 420 66
383 489 3
383 495 35
384 390 77
384 493 99
384 430 54
384 410 21
385 490 96
386 461 68
386 446 49
386 443 59
386 412 2
387 487 23
387 393 55
387 460 27
387 457 55
388 456 3
389 452 84
389 392 74
389 491 88
389 463 63
390 419 15
390 430 52
390 410 83
390 493 78
390 415 73
391 398 64
392 491 63
392 467 57
392 452 84
393 487 2
393 460 45
394 471 77
394 461 53
394 473 89
394 412 77
395 440 72
395 434 89
395 478 27
396 482 56
396 436 25
396 406 36
396 450 70
397 492 76
397 429 81
397 405 90
397 432 36
397 414 21
398 417 59
398 420 100
398 464 71
399 481 94
399 489 94
399 495 9
400 500 48
401 403 40
403 479 57
404 426 60
404 424 14
405 492 78
405 429 63
405 414 41
406 482 76
406 436 47
406 450 15
406 425 29
407 492 31
407 432 66
407 433 74
407 408 30
408 433 36
409 435 15
409 441 89
410 451 24
410 466 25
410 415 67
412 471 87
412 461 34
412 473 14
414 492 85
415 451 56
415 462 94
415 419 69
415 466 31
416 418 25
416 440 99
416 478 22
417 420 3
417 495 6
418 440 44
419 466 3
419 462 77
420 495 90
421 442 58
422 484 3
423 428 48
424 444 21
425 497 68
425 483 34
425 436 86
426 454 90
427 445 82
427 431 8
427 496 33
427 498 79
429 492 3
429 432 77
430 448 73
430 437 16
431 496 26
431 498 31
432 492 36
434 478 13
435 463 79
435 441 100
436 482 80
436 483 53
436 497 30
436 468 44
438 459 12
438 443 53
439 454 36
439 455 11
439 494 92
440 478 47
443 461 26
444 472 23
445 485 64
446 453 9
446 488 29
447 470 25
448 493 57
450 482 70
452 491 65
452 463 97
453 488 89
453 464 5
455 494 34
455 470 92
456 471 45
457 499 25
457 474 88
460 487 6
462 466 48
464 488 46
465 476 33
468 497 77
474 499 95
475 477 93
480 486 99
481 497 20
483 497 39
489 495 31
496 498 66
10
1
1
1 2
1 2 3 4
1 2 3 4 5 6 7 8
1 2 3 4 5 6 7 8 9 10 11 12 13 14 15 16
1 2 3 4 5 6 7 8 9 10 11 12 13 14 15 16 17 18 19 20 21 22 23 24 25 26 27 28 29 30 31 32
1 2 3 4 5 6 7 8 9 10 11 12 13 14 15 16 17 18 19 20 21 22 23 24 25 26 27 28 29 30 31 32 33 34 35 36 37 38 39 40 41 42 43 44 45 46 47 48 49 50 51 52 53 54 55 56 57 58 59 60 61 62 63
1 2 3 4 5 6 7 8 9 10 11 12 13 14 15 16 17 18 19 20 21 22 23 24 25 26 27 28 29 30 31 32 33 34 35 36 37 38 39 40 41 42 43 44 45 46 47 48 49 50 51 52 53 54 55 56 57 58 59 60 61 62 63 64 65 66 67 68 69 70 71 72 73 74 75 76 77 78 79 80 81 82 83 84 85 86 87 88 89 90 91 92 93 94 95 96 97 98 99 100 101 102 103 104 105 106 107 108 109 110 111 112 113 114 115 116 117 118 119 120 121 122 123 124 125
1 2 3 4 5 6 7 8 9 10 11 12 13 14 15 16 17 18 19 20 21 22 23 24 25 26 27 28 29 30 31 32 33 34 35 36 37 38 39 40 41 42 43 44 45 46 47 48 49 50 51 52 53 54 55 56 57 58 59 60 61 62 63 64 65 66 67 68 69 70 71 72 73 74 75 76 77 78 79 80 81 82 83 84 85 86 87 88 89 90 91 92 93 94 95 96 97 98 99 100 101 102 103 104 105 106 107 108 109 110 111 112 113 114 115 116 117 118 119 120 121 122 123 124 125 126 127 128 129 130 131 132 133 134 135 136 137 138 139 140 141 142 143 144 145 146 147 148 149 150 151 152 153 154 155 156 157 158 159 160 161 162 163 164 165 166 167 168 169 170 171 172 173 174 175 176 177 178 179 180 181 182 183 184 185 186 187 188 189 190 191 192 193 194 195 196 197 198 199 200 201 202 203 204 205 206 207 208 209 210 211 212 213 214 215 216 217 218 219 220 221 222 223 224 225 226 227 228 229 230 231 232 233 234 235 236 237 238 239 240 241 242 243 244 245 246 247 248 249 250
