2436
1 109 8
1 419 85
1 92 24
1 72 90
1 361 80
1 120 98
1 76 23
1 381 53
1 47 28
1 232 36
2 20 46
2 21 76
2 311 10
2 231 49
2 124 13
2 173 9
2 384 9
3 194 25
3 328 91
3 201 49
3 42 31
3 108 23
3 51 99
3 206 8
3 304 52
3 275 71
3 281 17
3 307 68
3 144 16
3 413 54
4 67 27
4 165 6
4 432 13
4 327 40
4 184 87
4 41 45
4 443 56
4 316 50
4 176 29
4 112 91
5 33 2
5 358 43
5 136 33
5 12 79
5 397 30
5 112 35
5 211 89
5 436 28
5 118 1
5 119 79
5 89 44
5 432 98
5 349 74
5 95 76
6 98 31
6 356 90
6 407 72
6 258 30
6 73 90
6 113 23
6 402 70
6 180 67
6 309 52
6 406 16
6 151 29
6 88 55
6 91 36
6 221 4
6 319 64
6 246 15
7 353 37
7 337 12
7 277 11
7 123 72
7 30 19
7 382 38
8 257 46
8 35 18
8 70 93
8 391 74
8 341 79
8 150 26
8 312 60
8 442 2
8 218 40
8 157 65
8 415 77
8 96 38
9 449 21
9 69 29
9 50 35
9 200 26
9 105 40
9 31 87
9 238 72
9 16 80
9 18 20
9 86 43
9 187 34
9 383 14
9 64 13
10 137 5
10 56 13
10 441 52
10 154 25
10 443 34
10 316 82
10 24 44
11 306 94
11 420 23
11 181 21
11 38 11
11 122 5
11 174 4
12 33 91
12 355 82
12 358 90
12 136 53
12 106 19
12 211 59
12 112 40
12 339 53
12 89 1
12 444 95
12 349 43
12 95 61
13 116 28
13 308 44
13 261 15
13 40 33
13 233 7
13 235 40
13 365 6
14 17 40
14 68 97
14 421 91
14 326 93
14 408 93
14 362 27
14 379 82
14 139 62
14 390 64
15 36 60
15 340 92
15 197 50
15 263 22
15 34 87
15 155 76
15 60 37
15 235 59
16 449 52
16 194 86
16 69 70
16 86 40
16 50 39
16 201 23
16 18 24
16 144 27
16 269 72
16 304 35
17 66 45
17 421 94
17 390 63
17 326 97
17 408 61
17 362 59
17 379 1
17 139 30
18 449 69
18 194 20
18 69 61
18 269 51
18 304 96
18 50 100
18 86 82
18 144 4
18 201 38
18 383 83
19 354 56
19 131 8
19 20 87
19 373 49
19 230 7
19 286 25
19 352 43
20 389 51
20 230 84
20 311 85
20 21 31
20 124 88
21 311 46
21 230 65
21 231 98
21 124 71
21 352 23
22 129 2
22 195 58
22 133 96
22 262 55
22 71 82
22 297 1
22 299 6
22 204 4
22 270 22
22 143 83
22 256 79
22 145 62
22 57 77
22 251 21
22 220 84
22 445 12
22 62 93
22 127 31
22 32 97
23 372 43
23 118 5
23 119 66
23 264 90
23 318 87
23 412 16
23 397 93
23 436 3
23 447 63
23 310 54
24 150 38
24 56 15
24 441 2
24 154 14
24 443 54
24 316 25
25 289 54
25 353 41
25 319 99
25 102 45
25 296 30
25 171 45
25 364 96
25 287 74
26 87 60
26 267 63
26 191 48
26 295 6
26 169 56
26 359 8
26 301 5
26 427 19
26 111 79
26 342 43
27 68 80
27 203 69
27 78 89
27 175 19
27 48 70
27 274 99
27 435 13
27 148 2
27 399 72
27 215 19
27 410 13
27 378 84
27 283 8
27 43 55
27 63 25
28 385 100
28 65 76
28 196 31
28 422 19
28 97 3
28 363 5
28 371 67
28 405 75
28 182 73
28 245 60
28 411 56
28 416 65
29 34 5
29 261 44
29 103 73
29 40 36
29 233 41
29 162 17
29 107 99
29 428 35
29 305 15
29 116 81
29 149 40
29 121 91
29 90 20
29 155 74
29 284 6
29 317 36
30 129 72
30 225 14
30 195 25
30 102 35
30 382 89
30 337 66
30 370 59
30 277 5
30 123 28
30 445 36
30 62 69
31 193 96
31 401 50
31 238 82
31 325 7
31 377 51
31 105 9
31 187 7
31 446 20
31 383 16
31 64 15
32 129 79
32 225 95
32 133 54
32 262 18
32 297 10
32 299 8
32 204 82
32 270 91
32 143 79
32 142 73
32 145 5
32 370 47
32 251 58
32 220 66
32 445 57
32 62 64
32 127 93
32 320 30
33 358 11
33 136 83
33 397 82
33 176 52
33 432 71
33 211 37
33 436 59
33 118 25
33 119 46
33 112 94
33 412 99
33 318 6
34 162 57
34 36 85
34 261 21
34 40 32
34 235 62
34 116 51
34 149 51
34 121 90
34 155 92
34 60 29
35 324 58
35 391 86
35 39 21
35 157 84
35 437 25
35 433 33
35 93 71
35 341 97
35 268 78
35 345 20
35 218 32
35 125 26
35 350 82
35 415 55
35 96 9
36 340 78
36 261 79
36 235 5
36 155 9
37 177 62
37 236 32
37 357 16
37 104 74
37 265 91
37 75 71
37 332 2
37 158 1
37 273 81
37 152 30
37 249 61
37 421 20
37 61 23
37 126 34
37 248 68
38 387 31
38 420 77
38 293 31
38 204 32
38 174 33
38 208 96
38 49 4
38 306 85
38 244 29
38 181 5
38 280 65
38 217 4
38 153 21
38 254 63
38 320 67
39 433 49
39 391 78
39 234 12
39 268 48
39 93 24
39 125 28
39 437 17
39 218 96
39 345 30
39 341 55
39 157 90
39 350 82
39 415 66
40 261 47
40 103 22
40 233 35
40 308 77
40 116 30
40 149 59
40 317 78
40 90 95
40 155 66
40 160 63
41 209 48
41 355 12
41 165 8
41 327 78
41 184 1
41 112 51
41 59 25
41 432 28
41 285 88
41 272 56
42 197 37
42 263 20
42 328 39
42 201 34
42 108 68
42 144 16
42 51 22
42 304 63
42 281 95
42 275 20
42 307 23
42 206 54
42 413 27
43 274 91
43 148 95
43 63 92
43 215 29
43 410 57
43 378 70
43 203 9
43 399 25
43 48 78
44 166 81
44 360 73
44 138 75
44 396 42
44 77 47
44 431 43
44 339 70
44 335 20
44 89 60
44 288 14
44 349 57
44 294 45
45 193 60
45 243 76
45 309 77
45 54 62
45 199 31
45 377 68
45 315 36
45 446 59
46 433 53
46 419 78
46 388 91
46 437 82
46 167 28
46 120 50
46 345 64
46 92 57
46 109 54
46 78 34
46 435 67
47 419 81
47 252 34
47 72 77
47 76 32
47 109 17
47 80 23
47 82 21
47 336 29
47 120 49
47 92 42
47 381 3
48 68 83
48 203 59
48 78 1
48 399 35
48 274 70
48 435 40
48 148 83
48 175 8
48 215 51
48 378 2
48 410 19
48 283 59
48 63 18
49 387 73
49 293 37
49 297 5
49 204 58
49 270 18
49 111 22
49 208 43
49 145 24
49 153 23
49 280 47
49 217 79
49 254 28
49 223 6
49 320 2
50 449 12
50 69 9
50 423 83
50 269 44
50 144 56
50 86 94
50 156 60
50 383 32
50 64 56
51 201 95
51 275 70
51 162 88
51 307 66
51 281 77
51 107 64
51 60 7
51 351 82
51 304 28
52 418 94
52 403 79
52 384 89
52 266 31
52 426 18
52 440 43
52 282 62
52 366 97
52 367 97
52 190 25
53 241 95
53 303 11
53 99 88
53 212 69
53 229 4
53 374 13
53 344 27
53 178 35
53 140 48
53 239 61
54 356 7
54 309 76
54 246 24
54 407 49
54 88 81
54 91 53
54 427 81
55 137 50
55 135 34
55 58 96
55 409 26
55 189 30
55 348 12
55 205 48
55 334 36
55 429 46
56 312 2
56 137 67
56 348 99
56 189 48
56 334 40
57 71 48
57 297 63
57 299 52
57 171 56
57 127 49
57 143 40
57 270 72
57 145 4
57 169 43
57 287 94
57 216 13
57 220 14
57 62 59
57 223 70
57 256 24
58 389 3
58 135 35
58 394 81
58 409 16
58 189 40
58 205 1
58 429 90
58 334 22
58 183 61
59 209 94
59 434 59
59 147 54
59 260 95
59 85 55
59 168 81
59 429 26
60 275 82
60 340 79
60 197 89
60 263 10
60 162 86
60 155 97
60 206 31
61 177 50
61 134 90
61 66 92
61 329 92
61 75 17
61 332 38
61 126 95
61 273 25
61 152 15
61 158 8
61 248 7
62 225 3
62 129 91
62 195 50
62 262 39
62 71 28
62 297 87
62 299 60
62 270 6
62 143 49
62 256 24
62 145 95
62 370 72
62 220 47
62 445 8
62 127 31
62 102 44
63 68 53
63 203 40
63 78 74
63 399 38
63 274 53
63 435 46
63 148 50
63 215 44
63 378 1
63 410 9
64 449 91
64 105 90
64 69 37
64 383 21
64 187 41
64 200 57
64 238 47
65 97 99
65 371 70
65 292 95
65 245 48
65 182 60
65 411 31
66 273 29
66 83 23
66 390 99
66 379 35
66 332 36
66 126 100
66 134 86
67 397 16
67 322 45
67 441 20
67 316 18
67 443 87
67 176 83
67 412 93
67 318 24
67 432 63
68 388 78
68 326 60
68 362 32
68 203 63
68 78 61
68 274 4
68 435 38
68 148 70
68 215 54
68 410 74
68 139 76
69 449 33
69 200 27
69 86 35
69 304 63
69 144 94
69 201 73
69 383 94
70 257 38
70 226 60
70 341 90
70 312 64
70 442 46
70 218 75
70 384 85
70 173 62
70 366 49
70 96 42
71 289 30
71 129 61
71 102 30
71 296 2
71 297 79
71 299 73
71 171 82
71 270 31
71 143 25
71 256 15
71 145 19
71 287 1
71 216 52
71 220 41
71 127 34
71 262 4
72 419 68
72 268 31
72 232 72
72 361 18
72 381 59
72 76 69
72 109 98
72 92 93
72 120 8
72 234 66
72 125 3
72 350 21
73 402 56
73 364 16
73 151 66
73 172 3
73 319 61
73 406 6
74 81 88
74 338 92
74 196 90
74 360 87
74 210 71
74 161 93
74 396 97
74 363 40
74 431 75
74 416 25
75 321 14
75 273 52
75 132 100
75 357 12
75 104 6
75 265 78
75 226 81
75 366 51
75 271 10
75 126 46
75 177 95
75 146 14
75 158 13
76 82 74
76 419 87
76 109 59
76 120 75
76 381 82
76 92 58
76 232 50
76 80 31
77 288 3
77 339 94
77 404 5
77 294 11
77 138 32
77 106 31
77 444 69
77 192 76
77 128 49
78 435 66
78 175 84
78 167 74
78 345 64
78 410 20
78 388 35
79 359 21
79 392 75
79 330 33
79 141 58
79 400 26
79 369 34
79 434 10
79 85 36
79 106 71
79 285 4
79 298 35
79 192 77
80 82 7
80 336 62
80 252 4
80 381 2
80 368 85
81 385 78
81 196 20
81 363 86
81 396 40
81 431 45
81 416 84
82 336 54
82 252 76
82 120 38
82 381 31
82 368 77
83 332 7
83 134 90
84 163 64
84 308 41
84 365 16
84 240 91
85 209 21
85 434 19
85 147 68
85 260 85
85 298 75
85 330 61
85 380 15
85 285 4
85 168 56
86 449 38
86 194 20
86 423 37
86 269 27
86 156 82
86 144 80
86 383 58
87 291 40
87 246 96
87 295 53
87 88 50
87 169 96
87 267 32
87 216 45
87 301 24
87 427 85
88 98 24
88 356 18
88 427 60
88 180 83
88 309 27
88 246 29
88 407 23
88 91 58
88 221 24
88 151 37
89 339 58
89 358 37
89 136 19
89 444 66
89 349 9
89 211 81
89 95 85
90 101 43
90 103 64
90 233 56
90 428 46
90 305 9
90 116 34
90 149 25
90 375 9
90 121 68
90 284 92
90 317 52
90 160 85
91 98 50
91 291 74
91 356 40
91 258 63
91 406 100
91 113 64
91 402 48
91 180 7
91 151 50
91 246 44
91 407 20
91 309 60
91 221 100
91 319 62
92 419 47
92 388 35
92 167 89
92 381 56
92 109 69
92 437 87
92 120 51
92 345 75
92 125 20
93 324 79
93 357 87
93 104 100
93 236 36
93 433 6
93 242 35
93 437 43
93 442 6
93 249 40
93 341 64
93 224 26
94 198 6
94 439 55
94 250 1
94 395 7
94 207 82
94 214 51
95 355 4
95 358 82
95 136 62
95 106 25
95 141 23
95 339 50
95 112 83
95 272 23
95 211 40
95 444 68
95 285 86
95 192 66
96 257 65
96 341 86
96 391 60
96 312 47
96 218 1
96 157 12
96 415 45
96 150 63
97 417 21
97 292 60
97 439 7
97 182 97
97 405 1
97 438 78
97 343 85
97 245 87
97 411 51
97 422 14
98 258 82
98 356 41
98 199 57
98 172 64
98 402 57
98 180 37
98 309 56
98 246 30
98 407 42
98 151 33
98 406 3
99 241 4
99 178 45
99 212 80
99 229 7
99 374 44
99 239 60
99 344 34
99 130 74
99 303 16
100 122 19
100 228 4
100 335 48
100 128 52
101 305 74
101 131 73
101 428 98
101 373 98
101 375 17
101 284 19
101 352 50
102 289 16
102 129 18
102 296 18
102 299 52
102 171 58
102 143 54
102 382 86
102 127 100
102 220 75
102 287 5
102 256 91
103 261 88
103 233 52
103 308 74
103 116 66
103 149 51
103 253 90
103 284 4
103 317 63
103 160 90
104 226 36
104 324 30
104 357 21
104 265 57
104 236 39
104 177 76
104 146 32
104 248 5
104 249 24
104 442 43
104 158 5
104 224 59
105 401 64
105 377 2
105 323 10
105 325 69
105 446 85
105 187 88
105 238 24
105 383 13
106 355 50
106 392 69
106 141 43
106 272 82
106 339 67
106 444 79
106 285 1
106 192 7
107 305 63
107 281 3
107 121 22
107 428 19
107 351 18
107 304 30
108 450 24
108 197 15
108 263 6
108 328 100
108 219 11
108 275 99
108 413 64
108 110 77
108 206 93
109 419 48
109 268 56
109 232 67
109 361 38
109 381 100
109 120 90
109 125 54
109 350 54
110 450 23
110 328 97
110 313 20
110 219 13
110 206 82
111 169 25
111 267 6
111 301 3
111 208 52
111 153 30
111 223 48
111 280 88
111 217 6
111 254 73
111 191 56
112 355 92
112 165 49
112 176 79
112 272 15
112 184 20
112 432 93
112 412 79
113 289 31
113 291 9
113 296 5
113 171 85
113 402 19
113 319 8
113 246 100
113 151 71
113 216 45
113 221 25
113 287 6
114 198 98
114 436 70
114 214 55
114 119 62
114 250 7
114 395 29
114 372 45
114 447 96
114 118 48
115 258 26
115 179 41
115 406 63
115 185 47
115 172 9
115 237 40
115 302 26
116 261 74
116 233 68
116 317 73
116 308 64
116 149 34
116 121 16
116 155 38
116 284 58
116 160 79
117 290 49
117 227 55
117 212 31
117 178 5
117 344 94
117 314 75
117 140 50
117 398 37
118 372 1
118 397 41
118 436 29
118 310 21
118 119 43
118 250 75
118 412 75
118 318 61
118 447 66
119 397 42
119 436 72
119 372 2
119 214 6
119 250 35
119 318 80
119 447 99
120 419 18
120 388 61
120 167 18
120 437 83
120 345 55
120 381 82
121 162 3
121 428 15
121 305 40
121 149 11
121 155 90
121 284 75
121 317 76
122 404 57
122 181 79
122 228 52
122 174 97
122 128 10
123 337 23
123 353 87
123 195 39
123 277 85
123 382 89
124 389 86
124 231 99
124 311 84
124 348 71
124 334 12
125 391 11
125 234 56
125 268 90
125 433 20
125 437 5
125 218 11
125 157 89
125 350 18
125 415 35
126 134 69
126 329 96
126 332 39
126 273 72
126 177 53
126 271 38
126 248 49
126 152 84
126 158 63
127 129 73
127 195 99
127 262 69
127 299 17
127 204 50
127 270 94
127 143 8
127 256 56
127 145 3
127 297 77
127 220 92
127 445 69
128 404 15
128 294 31
128 228 51
128 138 50
128 335 10
128 288 54
129 225 76
129 195 61
129 262 81
129 299 60
129 143 16
129 145 36
129 370 12
129 220 63
129 445 73
129 382 55
130 178 4
130 374 49
130 447 97
130 198 75
130 212 36
130 264 82
130 395 48
130 344 6
130 239 7
130 310 92
131 375 44
131 311 37
131 373 54
131 352 84
131 159 19
131 230 43
132 321 86
132 146 21
132 393 38
132 164 46
132 152 26
132 329 34
132 424 75
132 331 18
132 271 92
133 225 49
133 262 24
133 297 42
133 204 15
133 142 91
133 145 55
133 370 91
133 251 87
133 445 61
133 320 46
134 273 67
134 152 68
134 332 41
135 389 42
135 183 79
135 394 48
135 409 31
135 429 86
135 205 90
135 334 10
135 346 37
136 211 49
136 444 51
136 358 45
136 349 51
136 436 70
137 348 86
137 327 79
137 316 85
137 189 47
137 334 10
138 166 52
138 339 9
138 294 6
138 335 36
138 288 55
139 215 53
139 421 60
139 326 88
139 247 49
139 408 81
139 362 33
139 379 62
139 390 54
140 178 66
140 290 89
140 212 88
140 227 43
140 344 89
140 314 70
140 398 77
140 303 83
141 272 22
141 369 97
141 355 15
141 392 66
141 444 84
141 285 87
141 339 31
141 192 65
142 225 93
142 370 50
142 195 28
142 262 36
142 251 91
142 445 11
143 262 30
143 299 42
143 297 89
143 195 5
143 171 40
143 270 93
143 145 87
143 220 26
143 445 15
143 256 46
144 449 46
144 194 19
144 201 77
144 307 30
144 281 81
144 304 31
145 262 9
145 204 77
145 270 79
145 280 82
145 153 44
145 220 11
145 223 43
145 297 54
145 299 83
145 251 6
145 445 8
145 256 62
146 321 92
146 226 66
146 164 100
146 357 80
146 265 77
146 366 28
146 271 53
146 177 35
146 440 3
146 158 56
147 386 55
147 260 81
147 359 21
147 295 4
147 168 11
147 330 96
147 333 20
147 209 44
147 434 5
147 342 17
147 298 2
147 380 59
147 191 14
148 203 94
148 399 13
148 274 95
148 435 95
148 215 16
148 410 95
148 378 61
148 283 29
149 261 76
149 233 73
149 428 80
149 162 92
149 305 79
149 155 45
149 284 35
149 317 52
150 268 95
150 391 73
150 234 30
150 341 41
150 312 10
150 218 50
150 157 80
150 350 33
150 415 85
151 291 83
151 356 44
151 258 73
151 364 92
151 402 82
151 180 100
151 406 54
151 407 57
151 221 47
151 319 26
151 246 15
152 273 29
152 177 86
152 329 20
152 332 8
152 158 41
152 271 38
153 387 78
153 297 85
153 204 86
153 270 38
153 208 14
153 280 67
153 217 90
153 254 49
153 223 40
153 320 24
154 441 20
154 300 55
154 361 21
154 443 94
154 234 33
154 322 4
155 261 45
155 162 7
155 233 28
155 235 100
156 213 44
156 423 92
156 185 100
156 269 56
156 302 6
156 383 23
157 391 75
157 234 77
157 268 66
157 433 81
157 341 10
157 218 79
157 350 68
157 415 32
158 177 8
158 236 7
158 421 11
158 265 39
158 248 18
158 271 9
158 273 64
158 249 13
158 357 55
158 332 62
159 278 45
159 311 95
159 282 66
159 186 32
159 376 24
159 352 96
160 425 95
160 276 66
160 376 29
160 365 82
160 308 23
160 233 40
160 317 100
160 253 62
161 338 93
161 360 47
161 210 74
161 396 78
161 222 10
162 305 32
162 263 55
162 197 4
162 275 83
163 308 55
163 365 22
163 240 39
164 321 49
164 440 37
164 393 3
164 266 6
164 331 38
164 424 12
164 282 51
164 190 24
164 271 11
165 355 62
165 432 23
165 327 1
165 184 68
165 285 15
165 176 20
165 272 28
166 396 1
166 431 39
166 360 37
166 349 32
166 335 3
166 288 48
167 419 69
167 388 41
167 437 46
167 345 64
167 283 56
167 435 18
167 175 9
168 386 21
168 260 92
168 359 75
168 295 52
168 298 82
168 333 72
168 209 10
168 434 91
168 342 86
168 346 87
168 380 55
168 347 27
168 191 62
169 427 100
169 223 8
169 216 37
169 267 10
169 301 23
169 299 29
169 256 81
170 401 39
170 354 21
170 323 24
170 325 69
170 200 44
170 286 20
170 351 33
171 289 84
171 291 58
171 296 63
171 299 53
171 216 81
171 220 31
171 287 20
171 256 30
172 402 20
172 179 76
172 180 79
172 406 92
172 258 67
172 237 75
173 257 68
173 403 17
173 231 22
173 312 80
173 426 99
173 367 57
173 384 60
174 306 71
174 404 36
174 181 8
174 228 8
174 420 4
175 435 12
175 283 63
175 399 37
176 412 33
176 432 91
176 327 36
176 184 35
176 443 78
176 316 9
177 329 35
177 332 50
177 265 29
177 271 69
177 273 13
177 248 13
177 357 85
178 229 60
178 239 67
178 241 38
178 212 73
178 303 65
178 344 26
178 374 77
179 258 57
179 213 80
179 185 52
179 237 96
179 302 38
180 356 31
180 199 62
180 258 61
180 237 39
180 402 86
180 309 39
180 406 24
180 407 95
180 246 93
181 228 55
181 420 98
181 293 36
181 244 16
181 404 20
182 385 72
182 196 72
182 422 52
182 363 57
182 207 31
182 371 47
182 245 7
182 439 50
182 405 92
182 411 91
182 416 46
183 394 1
183 389 43
183 279 10
183 409 25
183 346 18
183 205 25
183 429 17
184 316 32
184 327 78
184 432 25
185 213 67
185 383 17
185 199 40
185 187 8
185 237 33
185 302 43
185 255 77
185 238 18
186 276 37
186 278 20
186 376 53
186 425 25
186 266 84
186 253 97
186 282 94
187 193 68
187 377 23
187 199 10
187 238 8
187 255 14
187 446 39
187 383 86
188 243 20
188 279 7
188 394 42
188 346 27
188 347 100
188 333 55
188 315 70
189 348 37
189 316 32
189 334 60
190 321 36
190 426 54
190 403 19
190 418 35
190 440 23
190 266 1
190 282 2
190 366 91
190 367 24
191 386 59
191 359 70
191 295 90
191 330 24
191 267 66
191 301 94
191 434 86
191 342 87
191 298 40
191 380 32
192 355 40
192 392 98
192 444 45
192 339 32
193 325 20
193 199 1
193 377 42
193 315 68
193 446 57
194 201 87
194 413 49
195 225 11
195 262 3
195 337 15
195 370 5
195 382 94
195 220 33
195 445 89
196 385 41
196 371 37
196 405 69
196 363 46
196 416 4
197 450 88
197 275 25
197 263 91
197 328 82
197 340 30
197 206 90
198 372 100
198 214 84
198 250 14
198 395 14
198 264 3
198 447 25
199 258 56
199 238 77
199 446 99
199 309 41
199 315 47
199 255 10
200 449 15
200 323 62
200 351 54
200 304 98
201 275 15
201 307 18
201 304 15
201 281 57
201 413 24
202 379 65
202 408 55
202 414 42
202 448 41
203 399 95
203 274 87
203 435 26
203 215 50
203 410 6
203 378 84
204 297 62
204 270 14
204 320 43
204 280 37
204 251 39
204 217 20
204 254 69
204 262 19
205 409 96
205 260 87
205 346 44
205 333 54
205 394 58
205 347 78
205 429 71
206 450 36
206 263 17
206 328 58
206 275 22
206 307 31
206 219 91
206 413 50
207 385 92
207 405 30
207 422 89
207 439 79
207 398 71
207 214 54
208 387 14
208 293 82
208 301 71
208 400 94
208 244 25
208 280 29
208 217 22
208 254 8
208 223 40
209 434 54
209 260 72
209 298 70
209 285 94
209 429 22
209 272 15
210 338 12
210 360 50
210 396 42
210 222 53
210 431 27
210 416 19
211 358 26
211 349 14
212 229 21
212 303 48
212 241 17
212 374 19
212 239 56
212 344 72
213 383 95
213 423 63
213 237 1
213 269 26
213 302 17
213 255 24
214 447 39
214 250 1
214 395 12
215 259 28
215 274 68
215 247 85
215 408 57
215 410 36
215 378 7
216 289 99
216 291 61
216 296 61
216 221 86
216 299 24
216 287 10
216 256 45
217 387 3
217 420 86
217 293 48
217 244 11
217 280 71
217 400 45
217 254 70
217 223 75
218 257 78
218 391 41
218 234 87
218 268 10
218 341 12
218 312 97
218 350 83
218 415 15
219 450 77
219 328 61
219 313 50
220 262 36
220 297 32
220 299 15
220 270 68
220 256 76
220 445 32
221 291 55
221 356 84
221 407 25
221 402 96
221 319 69
221 246 96
221 287 96
222 338 49
222 360 61
222 396 53
222 335 69
222 288 25
223 297 1
223 299 72
223 301 79
223 270 38
223 280 83
223 267 76
223 254 47
223 256 20
224 324 62
224 357 32
224 326 69
224 236 72
224 433 65
224 242 57
224 437 15
224 248 22
224 249 62
224 442 52
224 421 15
225 370 76
225 262 37
225 251 37
225 445 25
226 257 55
226 357 96
226 265 65
226 442 13
226 236 43
226 366 38
227 290 50
227 398 85
227 314 72
228 404 96
228 294 49
228 335 4
228 288 87
229 241 84
229 303 96
229 344 51
229 374 96
229 239 20
229 368 96
230 354 21
230 286 49
230 311 57
230 373 79
230 352 72
231 403 48
231 311 44
231 384 54
232 361 87
232 381 76
232 300 85
232 430 22
233 261 22
233 308 93
233 284 43
233 317 14
234 391 25
234 361 43
234 268 21
234 350 98
234 415 34
235 261 38
236 442 12
236 324 3
236 421 48
236 242 26
236 248 3
236 249 42
236 357 69
237 258 31
237 255 14
237 302 38
238 302 75
238 255 85
238 377 80
238 446 81
238 383 33
239 241 64
239 374 62
239 344 12
239 264 53
239 303 41
240 331 34
241 374 35
241 344 40
241 303 11
241 368 77
242 249 34
242 388 37
242 421 46
242 326 94
242 248 59
242 345 13
242 437 95
242 324 68
243 386 21
243 279 4
243 346 99
243 394 2
243 347 94
243 333 88
243 315 72
244 369 43
244 387 20
244 420 1
244 293 2
244 254 45
244 400 91
245 371 19
245 292 75
245 405 15
245 422 58
245 411 25
246 291 84
246 356 39
246 402 5
246 407 43
246 319 34
247 274 57
247 259 95
247 408 1
247 379 20
247 414 88
248 324 4
248 421 28
248 326 38
248 362 100
248 273 81
248 249 57
248 357 48
249 324 68
249 326 47
249 362 15
249 421 73
249 357 53
250 395 98
250 447 31
251 262 91
251 297 46
251 370 20
251 320 44
251 445 19
252 368 81
252 336 57
252 381 33
253 276 4
253 278 6
253 376 79
253 425 49
253 317 55
253 308 31
254 387 23
254 293 6
254 301 6
254 270 76
254 280 69
255 309 38
255 383 11
255 302 67
256 289 86
256 296 32
256 299 68
256 270 13
256 297 37
256 287 43
257 312 72
257 341 80
257 442 59
257 366 91
257 384 64
258 356 91
258 302 1
258 402 21
258 309 44
258 406 54
258 407 71
259 274 4
259 408 28
259 378 39
259 379 44
260 386 54
260 295 36
260 429 96
260 333 99
260 434 70
260 342 82
260 298 80
260 346 21
260 380 99
260 347 44
260 394 81
261 317 65
262 297 3
262 299 67
262 270 52
262 370 63
262 320 7
262 445 9
263 275 73
263 340 96
263 328 89
263 450 20
264 372 16
264 310 59
264 395 95
264 447 90
265 321 25
265 366 42
265 271 4
265 440 73
265 357 87
266 321 14
266 418 78
266 276 44
266 425 8
266 393 75
266 278 21
266 440 10
266 282 18
267 295 87
267 359 59
267 427 3
267 301 31
268 391 87
268 433 32
268 437 35
268 350 91
268 415 10
269 449 88
269 423 44
269 383 41
270 297 72
270 299 43
270 280 35
271 321 41
271 424 31
271 273 31
271 329 48
272 355 94
272 444 41
272 285 36
273 332 26
273 329 39
274 399 77
274 435 84
274 410 63
274 378 49
275 328 83
275 304 85
275 307 95
275 281 91
275 413 33
276 308 18
276 278 63
276 376 25
276 425 18
277 337 82
277 353 2
277 382 57
278 425 64
278 282 82
278 376 40
279 394 15
279 346 5
279 347 16
279 333 73
280 387 74
280 297 61
280 320 79
281 307 44
281 304 84
282 418 65
282 426 63
282 367 29
282 403 11
282 440 29
283 435 99
283 399 29
284 428 56
284 305 73
284 375 36
284 317 10
285 355 80
285 392 47
285 444 52
286 401 95
286 354 100
286 323 68
286 325 3
287 289 95
287 291 51
287 296 16
287 319 32
288 294 92
288 360 19
288 335 32
289 353 28
289 296 94
289 382 24
290 314 24
290 398 79
291 319 80
292 422 65
292 343 10
292 411 19
293 369 51
293 387 41
293 420 69
293 400 95
294 339 83
294 404 58
294 335 91
295 386 53
295 359 79
295 298 58
295 427 70
295 333 97
295 342 38
295 301 76
295 347 51
295 380 13
296 353 54
297 299 56
297 320 18
298 386 12
298 359 53
298 392 92
298 330 35
298 434 98
298 342 70
298 380 39
300 322 38
300 441 18
300 310 86
300 361 75
300 430 77
301 359 56
301 330 56
301 427 10
301 342 68
303 374 78
303 344 49
304 307 45
304 351 51
305 428 4
305 351 94
306 320 2
307 328 38
307 413 23
308 425 55
308 317 53
308 365 52
309 356 2
309 407 100
310 372 73
310 430 86
310 447 33
310 318 69
311 373 70
311 352 83
312 341 60
312 384 71
313 450 21
313 340 36
314 398 91
315 377 91
315 446 16
316 327 44
316 443 71
317 428 3
318 436 60
318 372 73
318 412 57
318 397 78
319 356 5
319 364 94
319 402 22
319 406 43
321 424 87
321 393 81
321 366 40
321 440 3
322 441 47
322 443 100
323 401 2
323 354 78
323 325 35
323 351 22
324 433 8
324 437 89
324 345 2
324 442 2
325 354 26
325 377 41
325 401 82
325 446 100
326 421 5
326 390 27
326 362 26
326 408 69
327 432 95
327 443 78
328 450 43
328 413 58
329 332 12
329 424 50
330 359 59
330 392 14
330 369 1
330 434 57
330 342 70
330 380 54
331 393 74
331 424 57
333 386 31
333 429 78
333 394 20
333 380 21
333 342 5
333 346 62
333 347 96
334 389 8
334 409 69
334 348 34
335 360 95
336 381 58
336 368 7
337 382 50
338 360 79
338 396 27
338 431 20
338 416 37
339 358 4
339 444 73
340 450 13
341 442 82
341 391 19
341 433 47
341 415 14
342 386 85
342 359 89
342 427 98
342 434 92
342 347 20
342 380 7
343 417 54
343 438 75
343 398 37
343 422 30
344 374 44
345 388 100
345 419 68
345 433 5
345 437 89
346 386 54
346 429 92
346 394 20
346 347 66
346 380 58
347 386 16
347 380 1
347 394 49
349 431 47
349 358 88
350 391 30
350 433 61
350 437 63
350 415 64
352 373 33
352 375 51
353 382 9
354 401 34
354 373 18
355 444 17
356 402 71
356 406 93
356 407 18
357 366 41
357 442 80
358 444 35
359 386 26
359 434 61
359 380 91
360 396 73
360 431 24
361 430 71
362 421 93
362 379 57
362 408 3
362 390 33
363 385 15
363 405 10
363 416 20
364 402 74
364 406 6
366 426 39
366 367 91
366 418 16
366 440 3
367 384 46
367 418 91
367 403 62
367 440 92
367 426 11
368 381 56
369 392 28
369 400 53
370 445 51
371 411 85
372 395 49
372 397 27
372 436 29
372 447 18
373 375 53
375 428 67
376 425 21
377 401 40
377 446 14
378 399 72
378 410 90
379 390 88
379 408 74
379 448 61
380 386 54
380 434 45
381 419 6
383 449 54
383 423 90
384 418 81
384 403 87
384 426 26
385 405 9
385 439 18
385 416 92
386 434 35
387 420 22
387 400 2
388 419 78
388 433 12
388 435 67
388 437 26
389 409 12
390 421 85
390 408 84
391 433 3
391 415 82
392 434 69
392 400 7
393 424 100
394 429 97
394 409 75
395 447 73
396 431 92
396 416 18
397 436 73
397 412 92
398 417 77
398 438 47
398 439 78
399 435 96
399 410 73
400 420 38
401 446 26
402 407 22
402 406 28
403 418 87
403 440 41
403 426 9
404 420 85
405 422 5
405 439 42
405 411 12
405 416 19
406 407 79
409 429 10
410 435 17
411 439 23
411 422 11
412 432 62
412 436 55
412 443 5
413 450 56
414 448 80
415 433 24
417 438 7
417 439 63
417 422 50
418 426 62
418 440 57
419 437 50
422 439 60
422 438 75
426 440 82
433 437 46
438 439 34
441 443 2
10
1
1
1 2
1 2 3 4
1 2 3 4 5 6 7 8
1 2 3 4 5 6 7 8 9 10 11 12 13 14 15
1 2 3 4 5 6 7 8 9 10 11 12 13 14 15 16 17 18 19 20 21 22 23 24 25 26 27 28 29
1 2 3 4 5 6 7 8 9 10 11 12 13 14 15 16 17 18 19 20 21 22 23 24 25 26 27 28 29 30 31 32 33 34 35 36 37 38 39 40 41 42 43 44 45 46 47 48 49 50 51 52 53 54 55 56 57
1 2 3 4 5 6 7 8 9 10 11 12 13 14 15 16 17 18 19 20 21 22 23 24 25 26 27 28 29 30 31 32 33 34 35 36 37 38 39 40 41 42 43 44 45 46 47 48 49 50 51 52 53 54 55 56 57 58 59 60 61 62 63 64 65 66 67 68 69 70 71 72 73 74 75 76 77 78 79 80 81 82 83 84 85 86 87 88 89 90 91 92 93 94 95 96 97 98 99 100 101 102 103 104 105 106 107 108 109 110 111 112 113
1 2 3 4 5 6 7 8 9 10 11 12 13 14 15 16 17 18 19 20 21 22 23 24 25 26 27 28 29 30 31 32 33 34 35 36 37 38 39 40 41 42 43 44 45 46 47 48 49 50 51 52 53 54 55 56 57 58 59 60 61 62 63 64 65 66 67 68 69 70 71 72 73 74 75 76 77 78 79 80 81 82 83 84 85 86 87 88 89 90 91 92 93 94 95 96 97 98 99 100 101 102 103 104 105 106 107 108 109 110 111 112 113 114 115 116 117 118 119 120 121 122 123 124 125 126 127 128 129 130 131 132 133 134 135 136 137 138 139 140 141 142 143 144 145 146 147 148 149 150 151 152 153 154 155 156 157 158 159 160 161 162 163 164 165 166 167 168 169 170 171 172 173 174 175 176 177 178 179 180 181 182 183 184 185 186 187 188 189 190 191 192 193 194 195 196 197 198 199 200 201 202 203 204 205 206 207 208 209 210 211 212 213 214 215 216 217 218 219 220 221 222 223 224 225
